Lyrics: I give you my heart I need a lit ken of the night I can see you I want to be so lone
Music: [70.0, 1.0, 1.0] [70.0, 1.5, 0.0] [70.0, 0.75, 0.0] [70.0, 1.0, 0.0] [70.0, 0.5, 0.0] [70.0, 0.75, 0.0] [70.0, 0.5, 0.0] [70.0, 0.75, 0.0] [70.0, 0.75, 0.0] [70.0, 0.5, 0.0] [70.0, 0.75, 0.0] [70.0, 1.0, 0.0] [70.0, 1.0, 0.0] [70.0, 0.75, 0.0] [70.0, 1.0, 0.0] [70.0, 1.0, 0.0] [70.0, 1.0, 0.0] [70.0, 1.0, 0.0] [70.0, 1.0, 0.0] [70.0, 0.75, 0.0] [70.0, 1.0, 0.0] [70.0, 0.75, 0.0] [70.0, 1.0, 0.0]
Score: 0.9999620914459229

Lyrics: I give you my heart I need a lit ken of the night I can see you I wan ted I know I
Music: [66.0, 2.0, 0.0] [66.0, 1.0, 0.0] [66.0, 1.0, 0.0] [66.0, 1.0, 0.0] [64.0, 1.0, 0.0] [64.0, 1.0, 0.0] [64.0, 2.0, 0.0] [64.0, 1.0, 0.0] [66.0, 1.0, 0.0] [68.0, 1.0, 0.0] [66.0, 1.0, 0.0] [64.0, 1.0, 0.0] [64.0, 1.0, 0.0] [64.0, 1.0, 0.0] [64.0, 1.0, 0.0] [64.0, 1.0, 0.0] [64.0, 1.0, 0.0] [64.0, 1.0, 0.0] [64.0, 1.0, 0.0] [64.0, 1.0, 0.0] [64.0, 0.5, 0.0] [64.0, 1.0, 0.0] [64.0, 1.0, 0.0]
Score: 0.999962568283081

Lyrics: I give you my heart I need a lit ken of the night I can see you I want to know that I
Music: [72.0, 1.0, 1.0] [72.0, 1.0, 0.0] [72.0, 1.5, 0.0] [72.0, 1.0, 0.0] [71.0, 1.0, 0.0] [69.0, 1.0, 0.0] [69.0, 1.0, 0.0] [71.0, 1.0, 0.0] [69.0, 1.0, 0.0] [71.0, 1.0, 0.0] [69.0, 1.0, 0.0] [71.0, 1.0, 0.0] [71.0, 1.0, 0.0] [69.0, 1.0, 0.0] [71.0, 1.0, 0.0] [69.0, 1.0, 0.0] [69.0, 1.0, 0.0] [69.0, 1.0, 0.0] [69.0, 1.0, 0.0] [69.0, 1.0, 0.0] [69.0, 1.0, 0.0] [69.0, 1.0, 0.0] [69.0, 1.0, 0.0]
Score: 0.9999614953994751

Lyrics: I give you my heart I need a lit ken in the night I can see you I want a girl that no
Music: [77.0, 4.0, 0.0] [74.0, 1.0, 0.0] [74.0, 1.0, 0.0] [74.0, 1.0, 0.0] [72.0, 1.0, 0.0] [74.0, 1.0, 0.0] [76.0, 1.0, 0.0] [72.0, 1.0, 0.0] [74.0, 1.0, 0.0] [76.0, 1.0, 0.0] [74.0, 1.0, 0.0] [76.0, 1.0, 0.0] [74.0, 1.0, 0.0] [74.0, 1.0, 0.0] [76.0, 1.0, 0.0] [76.0, 1.0, 0.0] [74.0, 1.0, 0.0] [76.0, 1.0, 0.0] [76.0, 2.0, 0.0] [72.0, 1.0, 0.0] [74.0, 1.0, 0.0] [72.0, 1.0, 0.0] [74.0, 1.0, 0.0]
Score: 0.9999576807022095

Lyrics: I give you my heart I need a lit ken of the night I can see you I want to know that I
Music: [63.0, 1.0, 2.0] [63.0, 0.25, 0.0] [63.0, 1.0, 0.0] [63.0, 1.0, 0.0] [63.0, 0.75, 0.0] [65.0, 1.0, 0.0] [65.0, 1.0, 0.0] [65.0, 1.0, 0.0] [65.0, 1.0, 0.0] [63.0, 1.0, 0.0] [63.0, 0.75, 0.0] [65.0, 1.0, 0.0] [63.0, 0.75, 0.0] [65.0, 1.0, 0.0] [65.0, 1.0, 0.0] [65.0, 1.0, 0.0] [65.0, 1.0, 0.0] [65.0, 1.0, 0.0] [65.0, 1.0, 0.0] [65.0, 1.0, 0.0] [65.0, 1.0, 0.0] [65.0, 1.0, 0.0] [65.0, 1.0, 0.0]
Score: 0.9999617338180542

Lyrics: I give you my heart I need to be a way for me I know that I want to be so lone ly
Music: [71.0, 3.0, 0.0] [78.0, 1.0, 0.0] [78.0, 1.0, 0.0] [78.0, 1.0, 0.0] [78.0, 1.0, 0.0] [76.0, 1.0, 0.0] [76.0, 1.0, 0.0] [78.0, 1.0, 0.0] [76.0, 2.0, 0.0] [78.0, 1.0, 0.0] [76.0, 2.0, 0.0] [76.0, 2.0, 0.0] [78.0, 1.0, 0.0] [76.0, 2.0, 0.0] [78.0, 1.0, 0.0] [78.0, 1.0, 0.0] [76.0, 1.0, 0.0] [78.0, 1.0, 0.0] [76.0, 2.0, 0.0] [78.0, 1.0, 0.0] [76.0, 2.0, 0.0] [78.0, 1.0, 0.0] [78.0, 1.0, 0.0]
Score: 0.9999620914459229

Lyrics: I give you my heart I need a lit ken in the night I can see you I want a girl that no
Music: [74.0, 1.0, 0.0] [72.0, 1.0, 0.0] [72.0, 1.0, 0.0] [72.0, 1.0, 0.0] [72.0, 1.0, 0.0] [69.0, 1.0, 0.0] [69.0, 1.0, 0.0] [72.0, 1.0, 0.0] [69.0, 1.0, 0.0] [72.0, 1.0, 0.0] [69.0, 1.0, 0.0] [69.0, 1.0, 1.0] [72.0, 2.0, 0.0] [69.0, 1.0, 0.0] [69.0, 1.0, 1.0] [69.0, 1.0, 0.0] [72.0, 1.0, 0.0] [72.0, 1.0, 0.0] [69.0, 1.0, 0.0] [69.0, 1.0, 1.0] [72.0, 1.0, 0.0] [69.0, 1.0, 0.0] [69.0, 1.0, 1.0]
Score: 0.9999570846557617

Lyrics: I give you my heart I need a lit ken of the night I can see you I want to know that I
Music: [71.0, 1.5, 4.0] [70.0, 1.5, 0.0] [70.0, 0.75, 0.0] [70.0, 1.0, 0.0] [70.0, 0.75, 0.0] [70.0, 0.75, 0.0] [70.0, 0.5, 0.0] [70.0, 0.75, 0.0] [70.0, 0.75, 0.0] [70.0, 0.5, 0.0] [70.0, 0.75, 0.0] [70.0, 1.0, 0.0] [70.0, 1.0, 0.0] [70.0, 0.75, 0.0] [70.0, 1.0, 0.0] [70.0, 1.0, 0.0] [70.0, 1.0, 0.0] [70.0, 1.0, 0.0] [70.0, 1.0, 0.0] [70.0, 0.75, 0.0] [70.0, 1.0, 0.0] [70.0, 0.75, 0.0] [70.0, 1.0, 0.0]
Score: 0.9999620914459229

Lyrics: I give you my heart I need a lit ken of the night I can see you I want to know that I
Music: [72.0, 2.0, 1.0] [72.0, 1.0, 0.0] [72.0, 1.5, 0.0] [72.0, 1.0, 0.0] [72.0, 0.75, 0.0] [72.0, 1.0, 0.0] [72.0, 1.0, 0.0] [72.0, 1.0, 0.0] [72.0, 2.0, 0.0] [72.0, 1.0, 0.0] [72.0, 1.5, 0.0] [71.0, 1.0, 0.0] [71.0, 1.0, 0.0] [69.0, 1.0, 0.0] [71.0, 1.0, 0.0] [69.0, 1.0, 0.0] [69.0, 1.0, 0.0] [69.0, 1.0, 0.0] [69.0, 1.0, 0.0] [71.0, 1.0, 0.0] [69.0, 1.0, 0.0] [69.0, 1.0, 0.0] [69.0, 1.0, 0.0]
Score: 0.999961256980896

Lyrics: I give you my heart I need a lit ken in my heart I can have a place I love a friend I
Music: [74.0, 1.5, 1.0] [72.0, 1.0, 0.0] [72.0, 1.0, 0.0] [72.0, 1.0, 0.0] [72.0, 0.75, 0.0] [69.0, 1.0, 0.0] [72.0, 1.0, 0.0] [72.0, 1.0, 0.0] [69.0, 1.0, 0.0] [72.0, 1.0, 0.0] [69.0, 1.0, 0.0] [69.0, 1.0, 1.0] [69.0, 1.0, 0.0] [69.0, 1.0, 0.0] [67.0, 1.0, 0.0] [69.0, 1.0, 0.0] [69.0, 1.0, 0.0] [69.0, 1.0, 0.0] [69.0, 1.0, 0.0] [69.0, 1.0, 0.0] [69.0, 1.0, 0.0] [69.0, 1.0, 0.0] [69.0, 1.0, 0.0]
Score: 0.9999551773071289

Lyrics: I give you my heart I need a lit ken in my heart I can have a place I love a friend I
Music: [74.0, 1.5, 1.0] [72.0, 1.0, 0.0] [72.0, 1.0, 0.0] [72.0, 1.0, 0.0] [72.0, 0.75, 0.0] [69.0, 1.0, 0.0] [72.0, 1.0, 0.0] [72.0, 1.0, 0.0] [69.0, 1.0, 0.0] [72.0, 1.0, 0.0] [69.0, 1.0, 0.0] [69.0, 1.0, 1.0] [69.0, 1.0, 0.0] [69.0, 1.0, 0.0] [67.0, 1.0, 0.0] [69.0, 1.0, 0.0] [69.0, 1.0, 0.0] [69.0, 1.0, 0.0] [69.0, 1.0, 0.0] [69.0, 1.0, 0.0] [69.0, 1.0, 0.0] [69.0, 1.0, 0.0] [69.0, 1.0, 0.0]
Score: 0.9999551773071289

Lyrics: I give you my heart I need a lit ken in the night I can see you I want a girl that no
Music: [74.0, 2.0, 1.0] [72.0, 1.0, 0.0] [72.0, 1.0, 0.0] [72.0, 1.0, 0.0] [72.0, 0.75, 0.0] [69.0, 1.0, 0.0] [69.0, 1.0, 0.0] [72.0, 1.0, 0.0] [69.0, 1.0, 0.0] [72.0, 1.0, 0.0] [69.0, 1.0, 0.0] [69.0, 1.0, 1.0] [72.0, 2.0, 0.0] [69.0, 1.0, 0.0] [69.0, 1.0, 1.0] [69.0, 1.0, 0.0] [69.0, 1.0, 0.0] [72.0, 1.0, 0.0] [69.0, 1.0, 0.0] [69.0, 1.0, 1.0] [72.0, 1.0, 0.0] [69.0, 1.0, 0.0] [69.0, 1.0, 1.0]
Score: 0.9999570846557617

Lyrics: I give you my heart I need a lit ken of the night I can see you I wan ted I wan ted
Music: [66.0, 2.5, 4.0] [66.0, 1.0, 0.0] [66.0, 1.0, 0.0] [66.0, 1.0, 0.0] [64.0, 1.0, 0.0] [64.0, 1.0, 0.0] [64.0, 1.0, 0.0] [64.0, 0.5, 0.0] [64.0, 0.5, 0.0] [64.0, 1.0, 0.0] [64.0, 1.0, 0.0] [64.0, 1.0, 0.0] [64.0, 1.0, 0.0] [64.0, 1.0, 0.0] [64.0, 1.0, 0.0] [64.0, 1.0, 0.0] [64.0, 1.0, 0.0] [64.0, 1.0, 0.0] [64.0, 1.0, 0.0] [64.0, 1.0, 0.0] [64.0, 1.0, 0.0] [64.0, 1.0, 0.0] [64.0, 1.0, 0.0]
Score: 0.9999619722366333

Lyrics: I give you my heart I need a lit ken in the night I know that I can see your heart I want
Music: [67.0, 1.5, 32.0] [69.0, 1.0, 0.0] [69.0, 1.0, 0.0] [69.0, 1.0, 0.0] [69.0, 1.5, 0.0] [69.0, 1.0, 0.0] [69.0, 1.0, 0.0] [69.0, 1.5, 0.0] [69.0, 1.0, 0.0] [69.0, 1.5, 0.0] [69.0, 1.0, 0.0] [67.0, 1.0, 0.0] [67.0, 1.0, 0.0] [69.0, 1.0, 0.0] [71.0, 1.0, 0.0] [69.0, 1.0, 0.0] [69.0, 1.0, 0.0] [71.0, 1.0, 0.0] [69.0, 1.0, 0.0] [71.0, 1.0, 0.0] [71.0, 1.0, 0.0] [71.0, 1.0, 0.0] [69.0, 1.0, 0.0]
Score: 0.9999487400054932

Lyrics: I give you my heart I need a lit ken of the night I can see you I know that I feel so
Music: [60.0, 4.0, 0.0] [57.0, 1.0, 0.0] [57.0, 1.0, 0.0] [57.0, 1.0, 0.0] [55.0, 1.0, 0.0] [55.0, 1.0, 0.0] [55.0, 1.0, 0.0] [55.0, 0.75, 0.0] [55.0, 0.75, 0.0] [55.0, 0.75, 0.0] [55.0, 1.0, 0.0] [55.0, 1.0, 0.0] [55.0, 1.0, 0.0] [55.0, 1.0, 0.0] [55.0, 1.0, 0.0] [55.0, 1.0, 0.0] [55.0, 1.0, 0.0] [55.0, 1.0, 0.0] [55.0, 1.0, 0.0] [55.0, 1.0, 0.0] [55.0, 1.0, 0.0] [55.0, 1.0, 0.0] [55.0, 1.0, 0.0]
Score: 0.9999620914459229

Lyrics: I give you my heart I need a lit ken of the night I can see you I want to know that I
Music: [72.0, 1.0, 1.0] [72.0, 1.0, 0.0] [72.0, 1.5, 0.0] [72.0, 1.0, 0.0] [71.0, 1.0, 0.0] [69.0, 1.0, 0.0] [69.0, 1.0, 0.0] [71.0, 1.0, 0.0] [69.0, 1.0, 0.0] [71.0, 1.0, 0.0] [69.0, 1.0, 0.0] [71.0, 1.0, 0.0] [71.0, 1.0, 0.0] [69.0, 1.0, 0.0] [71.0, 1.0, 0.0] [69.0, 1.0, 0.0] [69.0, 1.0, 0.0] [69.0, 1.0, 0.0] [69.0, 1.0, 0.0] [69.0, 1.0, 0.0] [69.0, 1.0, 0.0] [69.0, 1.0, 0.0] [69.0, 1.0, 0.0]
Score: 0.9999614953994751

Lyrics: I give you my heart I need a lit ken in the night and I can see you I want you I love
Music: [74.0, 3.0, 0.0] [72.0, 1.0, 0.0] [72.0, 1.0, 0.0] [72.0, 1.0, 0.0] [72.0, 0.75, 0.0] [69.0, 1.0, 0.0] [69.0, 1.0, 0.0] [72.0, 1.0, 0.0] [69.0, 1.0, 0.0] [72.0, 1.0, 0.0] [69.0, 1.0, 0.0] [69.0, 1.0, 0.0] [69.0, 1.0, 0.0] [69.0, 1.0, 1.0] [69.0, 1.0, 0.0] [67.0, 1.0, 0.0] [69.0, 1.0, 0.0] [69.0, 1.0, 0.0] [69.0, 1.0, 0.0] [69.0, 1.0, 0.0] [72.0, 1.0, 0.0] [72.0, 1.0, 0.0] [69.0, 1.0, 0.0]
Score: 0.9999544620513916

Lyrics: I give you my heart I need a lit ken in the night I know that I can see your heart I want
Music: [67.0, 1.5, 32.0] [69.0, 1.0, 0.0] [69.0, 1.0, 0.0] [69.0, 1.0, 0.0] [69.0, 1.5, 0.0] [69.0, 1.0, 0.0] [69.0, 1.0, 0.0] [69.0, 1.5, 0.0] [69.0, 1.0, 0.0] [69.0, 1.5, 0.0] [69.0, 1.0, 0.0] [67.0, 1.0, 0.0] [67.0, 1.0, 0.0] [69.0, 1.0, 0.0] [71.0, 1.0, 0.0] [69.0, 1.0, 0.0] [69.0, 1.0, 0.0] [71.0, 1.0, 0.0] [69.0, 1.0, 0.0] [71.0, 1.0, 0.0] [71.0, 1.0, 0.0] [71.0, 1.0, 0.0] [69.0, 1.0, 0.0]
Score: 0.9999487400054932

Lyrics: I give you my heart I need a lit ken of the night I can see you I want to know that I
Music: [71.0, 2.5, 0.0] [71.0, 1.5, 0.0] [71.0, 1.0, 0.0] [71.0, 1.0, 0.0] [71.0, 1.0, 0.0] [69.0, 1.0, 0.0] [69.0, 1.0, 0.0] [71.0, 1.0, 0.0] [69.0, 1.0, 0.0] [71.0, 1.0, 0.0] [69.0, 1.0, 0.0] [71.0, 1.0, 0.0] [71.0, 1.0, 0.0] [69.0, 1.0, 0.0] [71.0, 1.0, 0.0] [69.0, 1.0, 0.0] [69.0, 1.0, 0.0] [69.0, 1.0, 0.0] [69.0, 1.0, 0.0] [69.0, 1.0, 0.0] [69.0, 1.0, 0.0] [69.0, 1.0, 0.0] [69.0, 1.0, 0.0]
Score: 0.9999616146087646

Lyrics: I give you my heart I need a lit ken of the night I can see you I want to know that I
Music: [70.0, 1.0, 32.0] [70.0, 1.5, 0.0] [70.0, 0.75, 0.0] [70.0, 1.0, 0.0] [70.0, 0.5, 0.0] [70.0, 0.75, 0.0] [70.0, 0.5, 0.0] [70.0, 0.75, 0.0] [70.0, 0.75, 0.0] [70.0, 0.5, 0.0] [70.0, 0.75, 0.0] [70.0, 1.0, 0.0] [70.0, 1.0, 0.0] [70.0, 0.75, 0.0] [70.0, 1.0, 0.0] [70.0, 1.0, 0.0] [70.0, 1.0, 0.0] [70.0, 1.0, 0.0] [70.0, 1.0, 0.0] [70.0, 0.75, 0.0] [70.0, 1.0, 0.0] [70.0, 0.75, 0.0] [70.0, 1.0, 0.0]
Score: 0.9999620914459229

Lyrics: I give you my heart I need a lit ken of the night I can see you I wan ted I know I
Music: [66.0, 2.0, 0.0] [66.0, 1.0, 0.0] [66.0, 1.0, 0.0] [66.0, 1.0, 0.0] [64.0, 1.0, 0.0] [64.0, 1.0, 0.0] [64.0, 2.0, 0.0] [64.0, 1.0, 0.0] [66.0, 1.0, 0.0] [68.0, 1.0, 0.0] [66.0, 1.0, 0.0] [64.0, 1.0, 0.0] [64.0, 1.0, 0.0] [64.0, 1.0, 0.0] [64.0, 1.0, 0.0] [64.0, 1.0, 0.0] [64.0, 1.0, 0.0] [64.0, 1.0, 0.0] [64.0, 1.0, 0.0] [64.0, 1.0, 0.0] [64.0, 0.5, 0.0] [64.0, 1.0, 0.0] [64.0, 1.0, 0.0]
Score: 0.999962568283081

Lyrics: I give you my heart I need a lit ken of the night I can see you I know I feel so long
Music: [66.0, 1.0, 0.0] [66.0, 1.0, 0.0] [66.0, 1.0, 0.0] [66.0, 1.0, 0.0] [64.0, 1.0, 0.0] [64.0, 1.0, 0.0] [64.0, 2.0, 0.0] [64.0, 0.5, 0.0] [66.0, 1.0, 0.0] [66.0, 0.5, 0.0] [64.0, 1.0, 0.0] [64.0, 1.0, 0.0] [64.0, 1.0, 0.0] [64.0, 1.0, 0.0] [64.0, 1.0, 0.0] [64.0, 1.0, 0.0] [64.0, 1.0, 0.0] [64.0, 1.0, 0.0] [64.0, 1.0, 0.0] [64.0, 1.0, 0.0] [64.0, 1.0, 0.0] [64.0, 1.0, 0.0] [64.0, 1.0, 0.0]
Score: 0.9999619722366333

Lyrics: I give you my heart I need to be a way for me I know that I want to be so lone ly
Music: [71.0, 3.0, 0.0] [78.0, 1.0, 0.0] [78.0, 1.0, 0.0] [78.0, 1.0, 0.0] [78.0, 1.0, 0.0] [76.0, 1.0, 0.0] [76.0, 1.0, 0.0] [78.0, 1.0, 0.0] [76.0, 2.0, 0.0] [78.0, 1.0, 0.0] [76.0, 2.0, 0.0] [76.0, 2.0, 0.0] [78.0, 1.0, 0.0] [76.0, 2.0, 0.0] [78.0, 1.0, 0.0] [78.0, 1.0, 0.0] [76.0, 1.0, 0.0] [78.0, 1.0, 0.0] [76.0, 2.0, 0.0] [78.0, 1.0, 0.0] [76.0, 2.0, 0.0] [78.0, 1.0, 0.0] [78.0, 1.0, 0.0]
Score: 0.9999620914459229

Lyrics: I give you my heart I need a lit ken of the night I can see you I want to know that I
Music: [74.0, 4.5, 4.0] [78.0, 1.0, 0.0] [78.0, 1.0, 0.0] [78.0, 1.0, 0.0] [78.0, 0.5, 0.0] [76.0, 1.0, 0.0] [76.0, 1.0, 0.0] [78.0, 1.0, 0.0] [78.0, 1.0, 0.0] [76.0, 2.0, 0.0] [76.0, 1.0, 0.0] [78.0, 1.0, 0.0] [76.0, 2.0, 0.0] [78.0, 1.0, 0.0] [78.0, 1.0, 0.0] [78.0, 1.0, 0.0] [78.0, 1.0, 0.0] [76.0, 1.0, 0.0] [78.0, 1.0, 0.0] [76.0, 2.0, 0.0] [78.0, 1.0, 0.0] [78.0, 1.0, 0.0] [78.0, 1.0, 0.0]
Score: 0.9999616146087646

Lyrics: I give you my heart I need a lit ken in my heart I can have a place I love you I want
Music: [76.0, 3.0, 8.0] [72.0, 1.0, 0.0] [72.0, 1.0, 0.0] [72.0, 1.0, 0.0] [72.0, 1.0, 0.0] [69.0, 1.0, 0.0] [69.0, 1.0, 0.0] [72.0, 1.0, 0.0] [69.0, 1.0, 0.0] [72.0, 1.0, 0.0] [69.0, 1.0, 0.0] [69.0, 1.0, 1.0] [69.0, 1.0, 0.0] [69.0, 1.0, 1.0] [67.0, 1.0, 0.0] [69.0, 1.0, 0.0] [69.0, 1.0, 0.0] [69.0, 1.0, 0.0] [69.0, 1.0, 0.0] [67.0, 1.0, 0.0] [67.0, 1.0, 0.0] [69.0, 1.0, 0.0] [69.0, 1.0, 0.0]
Score: 0.9999467134475708

Lyrics: I give you my heart I need to be a way for me I know that I want to be so lone ly
Music: [71.0, 3.0, 0.0] [78.0, 1.0, 0.0] [78.0, 1.0, 0.0] [78.0, 1.0, 0.0] [78.0, 1.0, 0.0] [76.0, 1.0, 0.0] [76.0, 1.0, 0.0] [78.0, 1.0, 0.0] [76.0, 2.0, 0.0] [78.0, 1.0, 0.0] [76.0, 2.0, 0.0] [76.0, 2.0, 0.0] [78.0, 1.0, 0.0] [76.0, 2.0, 0.0] [78.0, 1.0, 0.0] [78.0, 1.0, 0.0] [76.0, 1.0, 0.0] [78.0, 1.0, 0.0] [76.0, 2.0, 0.0] [78.0, 1.0, 0.0] [76.0, 2.0, 0.0] [78.0, 1.0, 0.0] [78.0, 1.0, 0.0]
Score: 0.9999620914459229

Lyrics: I give you my heart I need a lit ken in the night I can see you I want you I know that
Music: [78.0, 1.0, 2.0] [74.0, 1.0, 0.0] [72.0, 1.0, 0.0] [72.0, 1.0, 0.0] [72.0, 1.0, 0.0] [69.0, 1.0, 0.0] [69.0, 1.0, 0.0] [72.0, 1.0, 0.0] [69.0, 1.0, 0.0] [72.0, 1.0, 0.0] [69.0, 1.0, 0.0] [69.0, 1.0, 1.0] [72.0, 2.0, 0.0] [69.0, 1.0, 0.0] [67.0, 1.0, 0.0] [69.0, 1.0, 0.0] [69.0, 1.0, 0.0] [72.0, 1.0, 0.0] [69.0, 1.0, 0.0] [72.0, 1.0, 0.0] [72.0, 1.0, 0.0] [72.0, 1.5, 0.0] [69.0, 1.0, 0.0]
Score: 0.999944806098938

Lyrics: I give you my heart to me You know that I need a girl I wan ted I know that I want to
Music: [65.0, 1.0, 1.0] [64.0, 0.5, 0.0] [62.0, 1.0, 0.0] [60.0, 1.0, 0.0] [64.0, 1.0, 0.0] [64.0, 1.0, 0.0] [65.0, 1.0, 0.0] [65.0, 1.0, 0.0] [65.0, 1.5, 0.0] [65.0, 1.5, 0.0] [65.0, 0.75, 0.0] [65.0, 1.5, 0.0] [65.0, 1.0, 0.0] [65.0, 1.5, 0.0] [65.0, 0.75, 0.0] [65.0, 1.5, 0.0] [65.0, 1.0, 0.0] [65.0, 1.0, 0.0] [65.0, 1.0, 0.0] [65.0, 1.0, 0.0] [65.0, 1.0, 0.0] [65.0, 1.0, 0.0] [65.0, 1.0, 0.0]
Score: 0.9999611377716064

Lyrics: I give you my heart I need a lit ken in the night I know that the one who was just to me
Music: [69.0, 1.5, 0.0] [69.0, 1.0, 0.0] [69.0, 1.0, 0.0] [69.0, 1.0, 0.0] [69.0, 1.5, 0.0] [69.0, 1.0, 0.0] [69.0, 1.0, 0.0] [69.0, 1.5, 0.0] [69.0, 1.0, 0.0] [69.0, 1.5, 0.0] [69.0, 1.0, 0.0] [67.0, 1.0, 0.0] [67.0, 1.0, 0.0] [69.0, 1.0, 0.0] [71.0, 1.0, 0.0] [69.0, 1.0, 0.0] [71.0, 1.0, 0.0] [71.0, 1.0, 0.0] [71.0, 1.0, 0.0] [71.0, 1.0, 0.0] [71.0, 1.0, 0.0] [71.0, 1.0, 0.0] [69.0, 1.0, 0.0]
Score: 0.9999619722366333

Lyrics: I give you my heart I need a lit ken in the night I can see you I want a girl that no
Music: [74.0, 2.0, 2.0] [72.0, 1.0, 0.0] [72.0, 1.5, 0.0] [72.0, 1.0, 0.0] [72.0, 0.75, 0.0] [74.0, 1.0, 0.0] [76.0, 1.0, 0.0] [72.0, 1.0, 0.0] [69.0, 1.0, 0.0] [72.0, 1.0, 0.0] [69.0, 1.0, 0.0] [72.0, 2.0, 0.0] [74.0, 1.0, 0.0] [74.0, 1.0, 0.0] [72.0, 1.0, 0.0] [69.0, 1.0, 0.0] [69.0, 1.0, 1.0] [72.0, 1.0, 0.0] [69.0, 1.0, 0.0] [69.0, 1.0, 0.0] [72.0, 1.0, 0.0] [69.0, 1.0, 0.0] [69.0, 1.0, 1.0]
Score: 0.9999569654464722

Lyrics: I give you my heart I need a lit ken in the night I know that the one who was just to me
Music: [67.0, 1.5, 16.0] [69.0, 1.0, 0.0] [69.0, 1.0, 0.0] [69.0, 1.0, 0.0] [69.0, 1.5, 0.0] [69.0, 1.0, 0.0] [69.0, 1.0, 0.0] [69.0, 1.5, 0.0] [69.0, 1.0, 0.0] [69.0, 1.5, 0.0] [69.0, 1.0, 0.0] [67.0, 1.0, 0.0] [67.0, 1.0, 0.0] [69.0, 1.0, 0.0] [71.0, 1.0, 0.0] [69.0, 1.0, 0.0] [71.0, 1.0, 0.0] [71.0, 1.0, 0.0] [69.0, 1.0, 0.0] [71.0, 1.0, 0.0] [71.0, 1.0, 0.0] [71.0, 1.0, 0.0] [69.0, 1.0, 0.0]
Score: 0.9999617338180542

Lyrics: I give you my heart I need a lit ken of the night I can see you I want to be so lone
Music: [73.0, 1.5, 0.0] [70.0, 1.5, 0.0] [70.0, 0.75, 0.0] [70.0, 1.0, 0.0] [70.0, 0.5, 0.0] [70.0, 0.25, 0.0] [70.0, 0.5, 0.0] [70.0, 0.75, 0.0] [70.0, 0.75, 0.0] [70.0, 0.5, 0.0] [70.0, 0.75, 0.0] [70.0, 1.0, 0.0] [70.0, 1.0, 0.0] [70.0, 0.75, 0.0] [70.0, 1.0, 0.0] [70.0, 1.0, 0.0] [70.0, 1.0, 0.0] [70.0, 0.75, 0.0] [70.0, 1.0, 0.0] [70.0, 1.0, 0.0] [70.0, 1.0, 0.0] [70.0, 0.75, 0.0] [70.0, 1.0, 0.0]
Score: 0.9999618530273438

Lyrics: I give you my heart I need a lit ken in the night I can see you I want a girl that no
Music: [76.0, 1.0, 4.0] [74.0, 1.0, 0.0] [72.0, 1.0, 0.0] [72.0, 1.0, 0.0] [72.0, 1.0, 0.0] [69.0, 1.0, 0.0] [69.0, 1.0, 0.0] [72.0, 1.0, 0.0] [69.0, 1.0, 0.0] [72.0, 1.0, 0.0] [69.0, 1.0, 0.0] [69.0, 1.0, 1.0] [72.0, 2.0, 0.0] [69.0, 1.0, 0.0] [72.0, 1.0, 0.0] [69.0, 1.0, 0.0] [69.0, 1.0, 1.0] [72.0, 1.0, 0.0] [69.0, 1.0, 0.0] [69.0, 1.0, 1.0] [72.0, 1.0, 0.0] [69.0, 1.0, 0.0] [69.0, 1.0, 1.0]
Score: 0.9999562501907349

Lyrics: I give you my heart I need a lit ken of the night I can see you I want to know that I
Music: [72.0, 3.0, 0.0] [72.0, 1.0, 0.0] [72.0, 1.5, 0.0] [72.0, 1.0, 0.0] [72.0, 0.75, 0.0] [72.0, 1.0, 0.0] [72.0, 1.0, 0.0] [72.0, 1.0, 0.0] [72.0, 0.5, 0.0] [72.0, 1.0, 0.0] [71.0, 1.0, 0.0] [71.0, 1.0, 0.0] [71.0, 1.0, 0.0] [69.0, 1.0, 0.0] [71.0, 1.0, 0.0] [69.0, 1.0, 0.0] [69.0, 1.0, 0.0] [69.0, 1.0, 0.0] [69.0, 1.0, 0.0] [69.0, 1.0, 0.0] [69.0, 1.0, 0.0] [69.0, 1.0, 0.0] [69.0, 1.0, 0.0]
Score: 0.9999617338180542

Lyrics: I give you my heart I need a lit ken in the night I can see you I want you I know that
Music: [78.0, 1.0, 2.0] [74.0, 1.0, 0.0] [72.0, 1.0, 0.0] [72.0, 1.0, 0.0] [72.0, 1.0, 0.0] [69.0, 1.0, 0.0] [69.0, 1.0, 0.0] [72.0, 1.0, 0.0] [69.0, 1.0, 0.0] [72.0, 1.0, 0.0] [69.0, 1.0, 0.0] [69.0, 1.0, 1.0] [72.0, 2.0, 0.0] [69.0, 1.0, 0.0] [67.0, 1.0, 0.0] [69.0, 1.0, 0.0] [69.0, 1.0, 0.0] [72.0, 1.0, 0.0] [69.0, 1.0, 0.0] [72.0, 1.0, 0.0] [72.0, 1.0, 0.0] [72.0, 1.5, 0.0] [69.0, 1.0, 0.0]
Score: 0.999944806098938

Lyrics: I give you my heart to me You know that I need a girl I wan ted I wan na know what I
Music: [65.0, 1.0, 0.0] [64.0, 0.5, 0.0] [62.0, 1.0, 0.0] [60.0, 1.0, 0.0] [64.0, 1.0, 0.0] [64.0, 1.0, 0.0] [64.0, 1.0, 0.0] [65.0, 1.0, 0.0] [65.0, 1.0, 0.0] [64.0, 1.0, 0.0] [65.0, 1.0, 0.0] [64.0, 1.0, 0.0] [65.0, 1.0, 0.0] [64.0, 1.0, 0.0] [65.0, 1.0, 0.0] [64.0, 1.0, 0.0] [64.0, 1.0, 0.0] [64.0, 1.0, 0.0] [64.0, 1.0, 0.0] [64.0, 1.0, 0.0] [64.0, 1.0, 0.0] [64.0, 1.0, 0.0] [64.0, 1.0, 0.0]
Score: 0.9999626874923706

Lyrics: I give you my heart I need a lit ken of the night I can see you I want to be so lone
Music: [73.0, 1.5, 0.0] [70.0, 1.5, 0.0] [70.0, 0.75, 0.0] [70.0, 1.0, 0.0] [70.0, 0.5, 0.0] [70.0, 0.25, 0.0] [70.0, 0.5, 0.0] [70.0, 0.75, 0.0] [70.0, 0.75, 0.0] [70.0, 0.5, 0.0] [70.0, 0.75, 0.0] [70.0, 1.0, 0.0] [70.0, 1.0, 0.0] [70.0, 0.75, 0.0] [70.0, 1.0, 0.0] [70.0, 1.0, 0.0] [70.0, 1.0, 0.0] [70.0, 0.75, 0.0] [70.0, 1.0, 0.0] [70.0, 1.0, 0.0] [70.0, 1.0, 0.0] [70.0, 0.75, 0.0] [70.0, 1.0, 0.0]
Score: 0.9999618530273438

Lyrics: I give you my heart I need a lit ken of the night I can see you I want to know that I
Music: [72.0, 2.5, 2.0] [72.0, 1.0, 0.0] [72.0, 1.5, 0.0] [72.0, 1.0, 0.0] [72.0, 0.75, 0.0] [72.0, 1.0, 0.0] [71.0, 1.0, 0.0] [71.0, 1.0, 0.0] [69.0, 1.0, 0.0] [71.0, 1.0, 0.0] [69.0, 1.0, 0.0] [71.0, 1.0, 0.0] [71.0, 1.0, 0.0] [69.0, 1.0, 0.0] [71.0, 1.0, 0.0] [69.0, 1.0, 0.0] [69.0, 1.0, 0.0] [69.0, 1.0, 0.0] [69.0, 1.0, 0.0] [69.0, 1.0, 0.0] [69.0, 1.0, 0.0] [69.0, 1.0, 0.0] [69.0, 1.0, 0.0]
Score: 0.9999611377716064

Lyrics: I give you my heart I need a lit ken of the night I can see you I want to know that I
Music: [75.0, 2.0, 0.0] [72.0, 1.0, 0.0] [72.0, 1.5, 0.0] [72.0, 1.0, 0.0] [72.0, 0.75, 0.0] [74.0, 1.0, 0.0] [72.0, 1.0, 0.0] [72.0, 1.0, 0.0] [74.0, 1.0, 0.0] [76.0, 1.0, 0.0] [76.0, 1.0, 0.0] [76.0, 1.0, 0.0] [74.0, 1.0, 0.0] [74.0, 1.0, 0.0] [76.0, 1.0, 0.0] [76.0, 1.0, 0.0] [74.0, 1.0, 0.0] [76.0, 1.0, 0.0] [74.0, 1.0, 0.0] [72.0, 1.0, 0.0] [74.0, 1.0, 0.0] [74.0, 1.0, 0.0] [74.0, 1.0, 0.0]
Score: 0.9999616146087646

Lyrics: I give you my heart I need a lit ken of the night I can see you I want to be so lone
Music: [71.0, 2.0, 2.0] [70.0, 1.5, 0.0] [70.0, 0.75, 0.0] [70.0, 1.0, 0.0] [70.0, 0.5, 0.0] [70.0, 0.75, 0.0] [70.0, 0.5, 0.0] [70.0, 0.75, 0.0] [70.0, 0.75, 0.0] [70.0, 0.5, 0.0] [70.0, 0.75, 0.0] [70.0, 1.0, 0.0] [70.0, 1.0, 0.0] [70.0, 0.75, 0.0] [70.0, 1.0, 0.0] [70.0, 1.0, 0.0] [70.0, 1.0, 0.0] [70.0, 1.0, 0.0] [70.0, 1.0, 0.0] [70.0, 0.75, 0.0] [70.0, 1.0, 0.0] [70.0, 0.75, 0.0] [70.0, 1.0, 0.0]
Score: 0.9999620914459229

Lyrics: I give you my heart I need a lit ken of the night I can see you I want to know that I
Music: [63.0, 0.5, 0.0] [63.0, 0.25, 0.0] [63.0, 1.0, 0.0] [63.0, 1.0, 0.0] [63.0, 0.75, 0.0] [65.0, 1.0, 0.0] [65.0, 1.0, 0.0] [65.0, 1.0, 0.0] [65.0, 1.0, 0.0] [63.0, 1.0, 0.0] [63.0, 0.75, 0.0] [65.0, 1.0, 0.0] [63.0, 0.75, 0.0] [65.0, 1.0, 0.0] [65.0, 1.0, 0.0] [65.0, 1.0, 0.0] [63.0, 0.75, 0.0] [65.0, 1.0, 0.0] [65.0, 1.0, 0.0] [65.0, 1.0, 0.0] [65.0, 1.0, 0.0] [65.0, 1.0, 0.0] [65.0, 1.0, 0.0]
Score: 0.9999617338180542

Lyrics: I give you my heart I need a lit ken of the night I can see you I want to know that I
Music: [71.0, 2.0, 4.0] [71.0, 1.5, 0.0] [71.0, 1.0, 0.0] [71.0, 1.0, 0.0] [71.0, 1.0, 0.0] [69.0, 1.0, 0.0] [69.0, 1.0, 0.0] [71.0, 1.0, 0.0] [69.0, 1.0, 0.0] [71.0, 1.0, 0.0] [69.0, 1.0, 0.0] [71.0, 1.0, 0.0] [71.0, 1.0, 0.0] [69.0, 1.0, 0.0] [71.0, 1.0, 0.0] [69.0, 1.0, 0.0] [69.0, 1.0, 0.0] [69.0, 1.0, 0.0] [69.0, 1.0, 0.0] [69.0, 1.0, 0.0] [69.0, 1.0, 0.0] [69.0, 1.0, 0.0] [69.0, 1.0, 0.0]
Score: 0.9999616146087646

Lyrics: I give you my heart I need a lit ken of the night I can see you I want to be so lone
Music: [70.0, 1.0, 1.0] [70.0, 1.5, 0.0] [70.0, 0.75, 0.0] [70.0, 1.0, 0.0] [70.0, 0.5, 0.0] [70.0, 0.75, 0.0] [70.0, 0.5, 0.0] [70.0, 0.75, 0.0] [70.0, 0.75, 0.0] [70.0, 0.5, 0.0] [70.0, 0.75, 0.0] [70.0, 1.0, 0.0] [70.0, 1.0, 0.0] [70.0, 0.75, 0.0] [70.0, 1.0, 0.0] [70.0, 1.0, 0.0] [70.0, 1.0, 0.0] [70.0, 1.0, 0.0] [70.0, 1.0, 0.0] [70.0, 0.75, 0.0] [70.0, 1.0, 0.0] [70.0, 0.75, 0.0] [70.0, 1.0, 0.0]
Score: 0.9999620914459229

Lyrics: I give you my heart I need a lit ken of the night I can see you I want to know that I
Music: [72.0, 3.0, 2.0] [78.0, 1.0, 0.0] [78.0, 1.0, 0.0] [78.0, 1.0, 0.0] [78.0, 0.5, 0.0] [76.0, 1.0, 0.0] [76.0, 1.0, 0.0] [78.0, 1.0, 0.0] [78.0, 1.0, 0.0] [76.0, 2.0, 0.0] [76.0, 1.0, 0.0] [78.0, 1.0, 0.0] [76.0, 2.0, 0.0] [78.0, 1.0, 0.0] [78.0, 1.0, 0.0] [78.0, 1.0, 0.0] [78.0, 1.0, 0.0] [76.0, 1.0, 0.0] [78.0, 1.0, 0.0] [76.0, 2.0, 0.0] [78.0, 1.0, 0.0] [76.0, 2.0, 0.0] [78.0, 1.0, 0.0]
Score: 0.9999616146087646

Lyrics: I give you my heart I need a lit ken of the night I can see you I want to be so lone
Music: [70.0, 1.0, 1.0] [70.0, 1.5, 0.0] [70.0, 0.75, 0.0] [70.0, 1.0, 0.0] [70.0, 0.5, 0.0] [70.0, 0.75, 0.0] [70.0, 0.5, 0.0] [70.0, 0.75, 0.0] [70.0, 0.75, 0.0] [70.0, 0.5, 0.0] [70.0, 0.75, 0.0] [70.0, 1.0, 0.0] [70.0, 1.0, 0.0] [70.0, 0.75, 0.0] [70.0, 1.0, 0.0] [70.0, 1.0, 0.0] [70.0, 1.0, 0.0] [70.0, 1.0, 0.0] [70.0, 1.0, 0.0] [70.0, 0.75, 0.0] [70.0, 1.0, 0.0] [70.0, 0.75, 0.0] [70.0, 1.0, 0.0]
Score: 0.9999620914459229

Lyrics: I give you my heart I need a lit ken of the night I can see you I want to be so lone
Music: [71.0, 1.5, 1.0] [70.0, 1.5, 0.0] [70.0, 0.75, 0.0] [70.0, 1.0, 0.0] [70.0, 0.5, 0.0] [70.0, 0.75, 0.0] [70.0, 0.5, 0.0] [70.0, 0.75, 0.0] [70.0, 0.75, 0.0] [70.0, 0.5, 0.0] [70.0, 0.75, 0.0] [70.0, 1.0, 0.0] [70.0, 1.0, 0.0] [70.0, 0.75, 0.0] [70.0, 1.0, 0.0] [70.0, 1.0, 0.0] [70.0, 1.0, 0.0] [70.0, 1.0, 0.0] [70.0, 1.0, 0.0] [70.0, 0.5, 0.0] [70.0, 1.0, 0.0] [70.0, 0.75, 0.0] [70.0, 1.0, 0.0]
Score: 0.9999619722366333

Lyrics: I give you my heart I need a lit ken of the night I can see you I want to know that I
Music: [71.0, 1.5, 0.0] [71.0, 1.5, 0.0] [71.0, 1.0, 0.0] [71.0, 1.0, 0.0] [71.0, 1.0, 0.0] [69.0, 1.0, 0.0] [69.0, 1.0, 0.0] [71.0, 1.0, 0.0] [69.0, 1.0, 0.0] [71.0, 1.0, 0.0] [69.0, 1.0, 0.0] [71.0, 1.0, 0.0] [71.0, 1.0, 0.0] [69.0, 1.0, 0.0] [71.0, 1.0, 0.0] [69.0, 1.0, 0.0] [69.0, 1.0, 0.0] [69.0, 1.0, 0.0] [69.0, 1.0, 0.0] [69.0, 1.0, 0.0] [69.0, 1.0, 0.0] [69.0, 1.0, 0.0] [69.0, 1.0, 0.0]
Score: 0.9999614953994751

Lyrics: I give you my heart I need a lit ken of the night I can see you I want to be so lone
Music: [73.0, 0.5, 0.0] [70.0, 1.5, 0.0] [70.0, 0.75, 0.0] [70.0, 1.0, 0.0] [70.0, 1.0, 0.0] [70.0, 0.75, 0.0] [70.0, 0.5, 0.0] [70.0, 0.75, 0.0] [70.0, 0.75, 0.0] [70.0, 0.5, 0.0] [70.0, 0.75, 0.0] [70.0, 1.0, 0.0] [70.0, 1.0, 0.0] [70.0, 0.75, 0.0] [70.0, 1.0, 0.0] [70.0, 1.0, 0.0] [70.0, 1.0, 0.0] [70.0, 1.0, 0.0] [70.0, 1.0, 0.0] [70.0, 0.75, 0.0] [70.0, 1.0, 0.0] [70.0, 0.75, 0.0] [70.0, 1.0, 0.0]
Score: 0.9999619722366333

Lyrics: I give you my heart I need a lit ken of the night I can see you I want to know that I
Music: [70.0, 1.0, 32.0] [70.0, 1.5, 0.0] [70.0, 0.75, 0.0] [70.0, 1.0, 0.0] [70.0, 0.5, 0.0] [70.0, 0.75, 0.0] [70.0, 0.5, 0.0] [70.0, 0.75, 0.0] [70.0, 0.75, 0.0] [70.0, 0.5, 0.0] [70.0, 0.75, 0.0] [70.0, 1.0, 0.0] [70.0, 1.0, 0.0] [70.0, 0.75, 0.0] [70.0, 1.0, 0.0] [70.0, 1.0, 0.0] [70.0, 1.0, 0.0] [70.0, 1.0, 0.0] [70.0, 1.0, 0.0] [70.0, 0.75, 0.0] [70.0, 1.0, 0.0] [70.0, 0.75, 0.0] [70.0, 1.0, 0.0]
Score: 0.9999620914459229

Lyrics: I give you my heart I need a lit ken of the night I can see you I want to know that I
Music: [67.0, 1.0, 0.0] [69.0, 1.0, 0.0] [69.0, 1.0, 0.0] [69.0, 1.0, 0.0] [71.0, 1.0, 0.0] [69.0, 1.0, 0.0] [69.0, 1.0, 0.0] [71.0, 1.0, 0.0] [71.0, 1.0, 0.0] [71.0, 1.0, 0.0] [69.0, 1.0, 0.0] [71.0, 1.0, 0.0] [71.0, 1.0, 0.0] [69.0, 1.0, 0.0] [71.0, 1.0, 0.0] [69.0, 1.0, 0.0] [69.0, 1.0, 0.0] [69.0, 1.0, 0.0] [69.0, 1.0, 0.0] [69.0, 1.0, 0.0] [69.0, 1.0, 0.0] [69.0, 1.0, 0.0] [69.0, 1.0, 0.0]
Score: 0.9999618530273438

Lyrics: I give you my heart I need a lit ken in the night I can see you I want a girl that no
Music: [74.0, 2.0, 2.0] [72.0, 1.0, 0.0] [72.0, 1.5, 0.0] [72.0, 1.0, 0.0] [72.0, 0.75, 0.0] [74.0, 1.0, 0.0] [76.0, 1.0, 0.0] [72.0, 1.0, 0.0] [69.0, 1.0, 0.0] [72.0, 1.0, 0.0] [69.0, 1.0, 0.0] [72.0, 2.0, 0.0] [74.0, 1.0, 0.0] [74.0, 1.0, 0.0] [72.0, 1.0, 0.0] [69.0, 1.0, 0.0] [69.0, 1.0, 1.0] [72.0, 1.0, 0.0] [69.0, 1.0, 0.0] [69.0, 1.0, 0.0] [72.0, 1.0, 0.0] [69.0, 1.0, 0.0] [69.0, 1.0, 1.0]
Score: 0.9999569654464722

Lyrics: I give you my heart I need a lit ken in the night and I can see you I want a girl that
Music: [69.0, 0.25, 4.0] [69.0, 1.0, 0.0] [69.0, 1.0, 0.0] [69.0, 1.0, 0.0] [69.0, 1.0, 0.0] [69.0, 1.0, 0.0] [69.0, 1.0, 0.0] [69.0, 1.5, 0.0] [69.0, 1.0, 0.0] [69.0, 1.5, 0.0] [69.0, 1.0, 0.0] [69.0, 1.5, 0.0] [69.0, 0.5, 0.0] [69.0, 0.75, 0.0] [69.0, 1.0, 0.0] [69.0, 0.5, 0.0] [69.0, 0.25, 0.0] [69.0, 1.0, 0.0] [69.0, 0.5, 0.0] [69.0, 0.25, 0.0] [69.0, 0.25, 0.0] [69.0, 0.25, 0.0] [69.0, 1.0, 0.0]
Score: 0.9999556541442871

Lyrics: I give you my heart I need a lit ken of the night I can see you I want to know that I
Music: [70.0, 1.0, 32.0] [70.0, 1.5, 0.0] [70.0, 0.75, 0.0] [70.0, 1.0, 0.0] [70.0, 0.5, 0.0] [70.0, 0.75, 0.0] [70.0, 0.5, 0.0] [70.0, 0.75, 0.0] [70.0, 0.75, 0.0] [70.0, 0.5, 0.0] [70.0, 0.75, 0.0] [70.0, 1.0, 0.0] [70.0, 1.0, 0.0] [70.0, 0.75, 0.0] [70.0, 1.0, 0.0] [70.0, 1.0, 0.0] [70.0, 1.0, 0.0] [70.0, 1.0, 0.0] [70.0, 1.0, 0.0] [70.0, 0.75, 0.0] [70.0, 1.0, 0.0] [70.0, 0.75, 0.0] [70.0, 1.0, 0.0]
Score: 0.9999620914459229

Lyrics: I give you my heart I need to be a way for me I know that I feel so lone ly so lone
Music: [60.0, 1.0, 0.0] [60.0, 1.0, 0.0] [60.0, 1.0, 0.0] [60.0, 1.0, 0.0] [62.0, 1.0, 0.0] [62.0, 2.0, 0.0] [62.0, 2.0, 0.0] [62.0, 2.0, 0.0] [62.0, 2.0, 0.0] [62.0, 2.0, 0.0] [62.0, 2.0, 0.0] [62.0, 2.0, 0.0] [62.0, 2.0, 0.0] [62.0, 2.0, 0.0] [62.0, 2.0, 0.0] [62.0, 2.0, 0.0] [62.0, 2.0, 0.0] [62.0, 2.0, 0.0] [62.0, 2.0, 0.0] [60.0, 1.0, 0.0] [60.0, 1.0, 0.0] [60.0, 1.0, 0.0] [60.0, 1.0, 0.0]
Score: 0.9999628067016602

Lyrics: I give you my heart I need a lit ken in the night I know that I can see your heart I want
Music: [69.0, 0.5, 0.0] [69.0, 1.0, 0.0] [69.0, 1.0, 0.0] [69.0, 1.0, 0.0] [69.0, 1.5, 0.0] [69.0, 1.0, 0.0] [69.0, 1.0, 0.0] [69.0, 1.5, 0.0] [69.0, 1.0, 0.0] [69.0, 1.5, 0.0] [69.0, 1.0, 0.0] [67.0, 1.0, 0.0] [67.0, 1.0, 0.0] [69.0, 1.0, 0.0] [71.0, 1.0, 0.0] [69.0, 1.0, 0.0] [69.0, 1.0, 0.0] [71.0, 1.0, 0.0] [69.0, 1.0, 0.0] [71.0, 1.0, 0.0] [71.0, 1.0, 0.0] [69.0, 1.0, 0.0] [69.0, 1.0, 0.0]
Score: 0.9999470710754395

Lyrics: I give you my heart I need a lit ken of the night I can see you I want to know that I
Music: [67.0, 1.0, 8.0] [69.0, 1.0, 0.0] [69.0, 1.0, 0.0] [69.0, 1.0, 0.0] [67.0, 1.0, 0.0] [69.0, 1.0, 0.0] [69.0, 1.0, 0.0] [71.0, 1.0, 0.0] [71.0, 1.0, 0.0] [71.0, 1.0, 0.0] [69.0, 1.0, 0.0] [71.0, 1.0, 0.0] [71.0, 1.0, 0.0] [69.0, 1.0, 0.0] [71.0, 1.0, 0.0] [69.0, 1.0, 0.0] [69.0, 1.0, 0.0] [69.0, 1.0, 0.0] [69.0, 1.0, 0.0] [69.0, 1.0, 0.0] [69.0, 1.0, 0.0] [69.0, 1.0, 0.0] [69.0, 1.0, 0.0]
Score: 0.9999617338180542

Lyrics: I give you my heart I need a lit ken in my heart I can have a place I love a friend I
Music: [74.0, 1.5, 1.0] [72.0, 1.0, 0.0] [72.0, 1.0, 0.0] [72.0, 1.0, 0.0] [72.0, 0.75, 0.0] [69.0, 1.0, 0.0] [72.0, 1.0, 0.0] [72.0, 1.0, 0.0] [69.0, 1.0, 0.0] [72.0, 1.0, 0.0] [69.0, 1.0, 0.0] [69.0, 1.0, 1.0] [69.0, 1.0, 0.0] [69.0, 1.0, 0.0] [67.0, 1.0, 0.0] [69.0, 1.0, 0.0] [69.0, 1.0, 0.0] [69.0, 1.0, 0.0] [69.0, 1.0, 0.0] [69.0, 1.0, 0.0] [69.0, 1.0, 0.0] [69.0, 1.0, 0.0] [69.0, 1.0, 0.0]
Score: 0.9999551773071289

Lyrics: I give you my heart I need a lit ken of the night I can see you I want to know that I
Music: [71.0, 1.5, 4.0] [70.0, 1.5, 0.0] [70.0, 0.75, 0.0] [70.0, 1.0, 0.0] [70.0, 0.75, 0.0] [70.0, 0.75, 0.0] [70.0, 0.5, 0.0] [70.0, 0.75, 0.0] [70.0, 0.75, 0.0] [70.0, 0.5, 0.0] [70.0, 0.75, 0.0] [70.0, 1.0, 0.0] [70.0, 1.0, 0.0] [70.0, 0.75, 0.0] [70.0, 1.0, 0.0] [70.0, 1.0, 0.0] [70.0, 1.0, 0.0] [70.0, 1.0, 0.0] [70.0, 1.0, 0.0] [70.0, 0.75, 0.0] [70.0, 1.0, 0.0] [70.0, 0.75, 0.0] [70.0, 1.0, 0.0]
Score: 0.9999620914459229

Lyrics: I give you my heart I need a lit ken of the night I can see you I want to be so lone
Music: [73.0, 0.5, 0.0] [70.0, 1.5, 0.0] [70.0, 0.75, 0.0] [70.0, 1.0, 0.0] [70.0, 1.0, 0.0] [70.0, 0.75, 0.0] [70.0, 0.5, 0.0] [70.0, 0.75, 0.0] [70.0, 0.75, 0.0] [70.0, 0.5, 0.0] [70.0, 0.75, 0.0] [70.0, 1.0, 0.0] [70.0, 1.0, 0.0] [70.0, 0.75, 0.0] [70.0, 1.0, 0.0] [70.0, 1.0, 0.0] [70.0, 1.0, 0.0] [70.0, 1.0, 0.0] [70.0, 1.0, 0.0] [70.0, 0.75, 0.0] [70.0, 1.0, 0.0] [70.0, 0.75, 0.0] [70.0, 1.0, 0.0]
Score: 0.9999619722366333

Lyrics: I give you my heart I need a lit ken of the night I can see you I want to know that I
Music: [63.0, 2.5, 0.0] [63.0, 0.25, 0.0] [63.0, 1.0, 0.0] [63.0, 1.0, 0.0] [63.0, 0.75, 0.0] [65.0, 1.0, 0.0] [65.0, 1.0, 0.0] [65.0, 1.0, 0.0] [65.0, 1.0, 0.0] [63.0, 1.0, 0.0] [63.0, 0.75, 0.0] [65.0, 1.0, 0.0] [63.0, 0.75, 0.0] [65.0, 1.0, 0.0] [65.0, 1.0, 0.0] [65.0, 1.0, 0.0] [65.0, 1.0, 0.0] [65.0, 1.0, 0.0] [65.0, 1.0, 0.0] [65.0, 1.0, 0.0] [65.0, 1.0, 0.0] [65.0, 1.0, 0.0] [65.0, 1.0, 0.0]
Score: 0.9999616146087646

Lyrics: I give you my life to see the same time to make it in the night and a lit er and a man
Music: [60.0, 4.0, 0.0] [57.0, 1.0, 0.0] [57.0, 1.0, 0.0] [57.0, 1.0, 0.0] [57.0, 1.0, 0.0] [57.0, 1.0, 0.0] [57.0, 0.5, 0.0] [57.0, 0.5, 0.0] [55.0, 1.0, 0.0] [55.0, 1.0, 0.0] [55.0, 1.0, 0.0] [55.0, 1.0, 0.0] [55.0, 1.0, 0.0] [55.0, 0.75, 0.0] [55.0, 1.0, 0.0] [57.0, 1.0, 0.0] [57.0, 0.5, 0.0] [55.0, 1.0, 0.0] [55.0, 1.0, 0.0] [55.0, 0.75, 0.0] [55.0, 0.75, 0.0] [55.0, 0.75, 0.0] [55.0, 0.75, 0.0]
Score: 0.9999853372573853

Lyrics: I give you my life to see the same time to make it a lit er and a man in a bot i
Music: [73.0, 1.5, 0.0] [70.0, 1.5, 0.0] [70.0, 0.75, 0.0] [70.0, 1.0, 0.0] [70.0, 1.5, 0.0] [73.0, 1.0, 0.0] [75.0, 1.0, 0.0] [75.0, 1.0, 0.0] [75.0, 1.0, 0.0] [75.0, 0.5, 0.0] [75.0, 1.0, 0.0] [75.0, 1.0, 0.0] [75.0, 1.0, 0.0] [75.0, 1.0, 0.0] [75.0, 1.0, 0.0] [75.0, 1.0, 0.0] [75.0, 1.0, 0.0] [73.0, 1.0, 0.0] [73.0, 1.0, 0.0] [75.0, 1.0, 0.0] [75.0, 1.0, 0.0] [73.0, 1.0, 0.0] [73.0, 1.0, 0.0]
Score: 0.9999853372573853

Lyrics: I give you my life to see the same time that we can do it you know what you say you know you
Music: [72.0, 2.5, 2.0] [72.0, 1.0, 0.0] [72.0, 1.5, 0.0] [72.0, 1.0, 0.0] [72.0, 1.0, 0.0] [72.0, 1.5, 0.0] [71.0, 1.0, 0.0] [69.0, 1.0, 0.0] [71.0, 1.0, 0.0] [71.0, 1.0, 0.0] [72.0, 1.0, 0.0] [72.0, 1.0, 0.0] [72.0, 1.0, 0.0] [72.0, 1.0, 0.0] [72.0, 1.0, 0.0] [72.0, 1.0, 0.0] [72.0, 1.0, 0.0] [72.0, 1.0, 0.0] [72.0, 1.0, 0.0] [72.0, 1.0, 0.0] [72.0, 1.0, 0.0] [72.0, 1.0, 0.0] [72.0, 1.0, 0.0]
Score: 0.9999852180480957

Lyrics: I give you my life to see the same time to make it in your mind and you are a lit est day
Music: [69.0, 0.5, 0.0] [69.0, 1.0, 0.0] [69.0, 1.0, 0.0] [69.0, 1.0, 0.0] [69.0, 1.5, 0.0] [67.0, 1.0, 0.0] [67.0, 1.0, 0.0] [69.0, 1.0, 0.0] [71.0, 1.0, 0.0] [71.0, 1.0, 0.0] [69.0, 1.0, 0.0] [71.0, 1.0, 0.0] [69.0, 1.0, 0.0] [67.0, 1.0, 0.0] [69.0, 1.0, 0.0] [69.0, 1.0, 0.0] [67.0, 1.0, 0.0] [69.0, 1.0, 0.0] [67.0, 1.0, 0.0] [64.0, 1.0, 0.0] [67.0, 1.0, 0.0] [69.0, 1.0, 0.0] [69.0, 1.0, 0.0]
Score: 0.9999852180480957

Lyrics: I give you my life to see the same time that we can do it you know what you say you know you
Music: [72.0, 2.0, 1.0] [72.0, 1.0, 0.0] [72.0, 1.5, 0.0] [72.0, 1.0, 0.0] [72.0, 1.0, 0.0] [72.0, 1.5, 0.0] [71.0, 1.0, 0.0] [69.0, 1.0, 0.0] [71.0, 1.0, 0.0] [71.0, 1.0, 0.0] [72.0, 1.0, 0.0] [72.0, 1.0, 0.0] [72.0, 1.0, 0.0] [72.0, 1.0, 0.0] [72.0, 1.0, 0.0] [72.0, 1.0, 0.0] [72.0, 1.0, 0.0] [72.0, 1.0, 0.0] [72.0, 1.0, 0.0] [72.0, 1.0, 0.0] [72.0, 1.0, 0.0] [72.0, 1.0, 0.0] [72.0, 1.0, 0.0]
Score: 0.9999852180480957

Lyrics: I give you my life to see the same time that we can do it be a good day to me and you
Music: [76.0, 1.0, 0.0] [74.0, 1.0, 0.0] [72.0, 1.0, 0.0] [72.0, 1.0, 0.0] [72.0, 1.0, 0.0] [72.0, 1.0, 0.0] [72.0, 1.0, 0.0] [74.0, 1.0, 0.0] [76.0, 1.0, 0.0] [76.0, 1.0, 0.0] [76.0, 1.0, 0.0] [76.0, 1.0, 0.0] [76.0, 1.0, 0.0] [74.0, 1.0, 0.0] [76.0, 1.0, 0.0] [76.0, 1.0, 0.0] [76.0, 1.0, 0.0] [76.0, 1.0, 0.0] [76.0, 1.0, 0.0] [76.0, 0.5, 0.0] [76.0, 1.0, 0.0] [76.0, 1.0, 0.0] [76.0, 1.0, 0.0]
Score: 0.9999852180480957

Lyrics: I give you my life to see the same time that we can do it be a good day to me and you
Music: [76.0, 1.0, 0.0] [74.0, 1.0, 0.0] [72.0, 1.0, 0.0] [72.0, 1.0, 0.0] [72.0, 1.0, 0.0] [72.0, 1.0, 0.0] [72.0, 1.0, 0.0] [74.0, 1.0, 0.0] [76.0, 1.0, 0.0] [76.0, 1.0, 0.0] [76.0, 1.0, 0.0] [76.0, 1.0, 0.0] [76.0, 1.0, 0.0] [74.0, 1.0, 0.0] [76.0, 1.0, 0.0] [76.0, 1.0, 0.0] [76.0, 1.0, 0.0] [76.0, 1.0, 0.0] [76.0, 1.0, 0.0] [76.0, 0.5, 0.0] [76.0, 1.0, 0.0] [76.0, 1.0, 0.0] [76.0, 1.0, 0.0]
Score: 0.9999852180480957

Lyrics: I give you my life to see the same time that we can do it you know what you say you know you
Music: [72.0, 1.0, 1.0] [72.0, 1.0, 0.0] [72.0, 1.5, 0.0] [72.0, 1.0, 0.0] [72.0, 1.0, 0.0] [72.0, 1.5, 0.0] [71.0, 1.0, 0.0] [69.0, 1.0, 0.0] [71.0, 1.0, 0.0] [71.0, 1.0, 0.0] [72.0, 1.0, 0.0] [72.0, 1.0, 0.0] [72.0, 1.0, 0.0] [72.0, 1.0, 0.0] [72.0, 1.0, 0.0] [72.0, 1.0, 0.0] [72.0, 1.0, 0.0] [72.0, 1.0, 0.0] [72.0, 1.0, 0.0] [72.0, 1.0, 0.0] [72.0, 1.0, 0.0] [72.0, 1.0, 0.0] [72.0, 1.0, 0.0]
Score: 0.9999852180480957

Lyrics: I give you my life to see the same time that we can do it you know what you say you know you
Music: [70.0, 1.0, 0.0] [70.0, 1.5, 0.0] [70.0, 0.75, 0.0] [70.0, 1.0, 0.0] [70.0, 0.5, 0.0] [70.0, 0.5, 0.0] [70.0, 1.5, 0.0] [70.0, 0.5, 0.0] [72.0, 1.0, 0.0] [70.0, 0.5, 0.0] [70.0, 0.5, 0.0] [72.0, 1.0, 0.0] [72.0, 1.0, 0.0] [72.0, 1.0, 0.0] [70.0, 1.0, 0.0] [72.0, 1.0, 0.0] [72.0, 1.0, 0.0] [72.0, 1.0, 0.0] [72.0, 1.0, 0.0] [72.0, 1.0, 0.0] [72.0, 1.0, 0.0] [72.0, 1.0, 0.0] [72.0, 1.0, 0.0]
Score: 0.9999850988388062

Lyrics: I give you my life to see the same time that we can do it be there and you are a lit est
Music: [71.0, 3.0, 0.0] [78.0, 1.0, 0.0] [78.0, 1.0, 0.0] [78.0, 1.0, 0.0] [78.0, 1.0, 0.0] [76.0, 1.0, 0.0] [76.0, 1.0, 0.0] [76.0, 2.0, 0.0] [76.0, 2.0, 0.0] [76.0, 1.0, 0.0] [78.0, 2.0, 0.0] [76.0, 1.0, 0.0] [76.0, 1.0, 0.0] [76.0, 0.5, 0.0] [76.0, 1.0, 0.0] [76.0, 1.0, 0.0] [76.0, 1.0, 0.0] [76.0, 1.0, 0.0] [76.0, 1.0, 0.0] [76.0, 1.0, 0.0] [76.0, 1.0, 0.0] [76.0, 1.0, 0.0] [76.0, 0.5, 0.0]
Score: 0.9999852180480957

Lyrics: I give you my life to see the same time to make it in your eyes and you are a dream of my
Music: [77.0, 4.0, 0.0] [74.0, 1.0, 0.0] [74.0, 1.0, 0.0] [74.0, 1.0, 0.0] [72.0, 1.0, 0.0] [74.0, 1.0, 0.0] [72.0, 1.0, 0.0] [74.0, 1.0, 0.0] [72.0, 1.0, 0.0] [76.0, 1.0, 0.0] [76.0, 1.0, 0.0] [76.0, 1.0, 0.0] [74.0, 1.0, 0.0] [76.0, 1.0, 0.0] [76.0, 1.0, 0.0] [76.0, 1.0, 0.0] [76.0, 1.0, 0.0] [76.0, 1.0, 0.0] [76.0, 1.0, 0.0] [76.0, 1.0, 0.0] [76.0, 1.0, 0.0] [76.0, 1.0, 0.0] [76.0, 1.0, 0.0]
Score: 0.9999853372573853

Lyrics: I give you my life to see the same time to make it in your mind and you are a lit est day
Music: [67.0, 0.5, 0.0] [69.0, 1.0, 0.0] [69.0, 1.0, 0.0] [69.0, 1.0, 0.0] [67.0, 1.0, 0.0] [69.0, 1.0, 0.0] [71.0, 1.0, 0.0] [69.0, 1.0, 0.0] [71.0, 1.0, 0.0] [71.0, 1.0, 0.0] [69.0, 2.0, 0.0] [71.0, 1.0, 0.0] [69.0, 1.0, 0.0] [67.0, 1.0, 0.0] [69.0, 1.0, 0.0] [69.0, 1.0, 0.0] [69.0, 1.0, 0.0] [69.0, 1.0, 0.0] [71.0, 1.0, 0.0] [69.0, 1.0, 0.0] [69.0, 1.0, 0.0] [69.0, 1.0, 0.0] [69.0, 1.0, 0.0]
Score: 0.9999852180480957

Lyrics: I give you my life to see the same time that we can do it you know what you say you know you
Music: [74.0, 2.0, 0.0] [72.0, 1.0, 0.0] [72.0, 1.0, 0.0] [72.0, 1.0, 0.0] [72.0, 1.0, 0.0] [72.0, 1.0, 0.0] [71.0, 1.0, 0.0] [69.0, 1.0, 0.0] [71.0, 1.0, 0.0] [71.0, 1.0, 0.0] [72.0, 1.0, 0.0] [72.0, 1.0, 0.0] [72.0, 1.0, 0.0] [72.0, 1.0, 0.0] [72.0, 1.0, 0.0] [72.0, 1.0, 0.0] [72.0, 1.5, 0.0] [72.0, 1.0, 0.0] [72.0, 1.0, 0.0] [72.0, 1.0, 0.0] [72.0, 1.0, 0.0] [72.0, 1.0, 0.0] [72.0, 1.0, 0.0]
Score: 0.9999852180480957

Lyrics: I give you my life to see the same time that we can make it a lit er and a lit er in
Music: [65.0, 4.0, 0.0] [62.0, 0.5, 0.0] [60.0, 1.0, 0.0] [60.0, 1.0, 0.0] [60.0, 1.0, 0.0] [60.0, 0.5, 0.0] [60.0, 0.5, 0.0] [60.0, 0.25, 0.0] [60.0, 1.0, 0.0] [60.0, 0.25, 0.0] [60.0, 1.0, 0.0] [60.0, 0.5, 0.0] [60.0, 1.0, 0.0] [60.0, 1.0, 0.0] [60.0, 1.0, 0.0] [60.0, 0.25, 0.0] [60.0, 1.0, 0.0] [60.0, 1.0, 0.0] [60.0, 1.0, 0.0] [60.0, 1.0, 0.0] [60.0, 1.0, 0.0] [60.0, 0.25, 0.0] [60.0, 0.25, 0.0]
Score: 0.9999852180480957

Lyrics: I give you my life to see the same time that we can do it you know what you say you know you
Music: [70.0, 1.0, 1.0] [70.0, 1.5, 0.0] [70.0, 0.75, 0.0] [70.0, 1.0, 0.0] [70.0, 0.5, 0.0] [70.0, 0.5, 0.0] [70.0, 1.5, 0.0] [70.0, 0.5, 0.0] [70.0, 0.5, 0.0] [70.0, 0.5, 0.0] [70.0, 0.5, 0.0] [72.0, 1.0, 0.0] [72.0, 1.0, 0.0] [70.0, 1.0, 0.0] [72.0, 1.0, 0.0] [72.0, 1.0, 0.0] [72.0, 1.0, 0.0] [72.0, 1.0, 0.0] [72.0, 1.0, 0.0] [72.0, 1.0, 0.0] [72.0, 1.0, 0.0] [72.0, 1.0, 0.0] [72.0, 1.0, 0.0]
Score: 0.9999850988388062

Lyrics: I give you my life to see the same time to make it in the world that a lit er and a man
Music: [65.0, 0.5, 0.0] [64.0, 0.5, 0.0] [62.0, 1.0, 0.0] [64.0, 1.0, 0.0] [64.0, 0.5, 0.0] [64.0, 0.5, 0.0] [64.0, 1.0, 0.0] [64.0, 0.5, 0.0] [64.0, 1.0, 0.0] [64.0, 1.0, 0.0] [64.0, 0.5, 0.0] [64.0, 0.75, 0.0] [64.0, 0.75, 0.0] [64.0, 0.75, 0.0] [64.0, 0.75, 0.0] [64.0, 0.25, 0.0] [64.0, 0.75, 0.0] [64.0, 0.75, 0.0] [64.0, 0.5, 0.0] [64.0, 0.5, 0.0] [64.0, 0.75, 0.0] [64.0, 0.75, 0.0] [64.0, 0.75, 0.0]
Score: 0.9999854564666748

Lyrics: I give you my life to see the same time that we can do it you can do you say you know what
Music: [71.0, 1.5, 0.0] [71.0, 1.5, 0.0] [71.0, 1.0, 0.0] [71.0, 1.0, 0.0] [71.0, 1.0, 0.0] [71.0, 1.5, 0.0] [71.0, 1.0, 0.0] [69.0, 1.0, 0.0] [71.0, 1.0, 0.0] [71.0, 1.0, 0.0] [69.0, 1.0, 0.0] [69.0, 2.0, 0.0] [69.0, 1.0, 0.0] [69.0, 1.0, 0.0] [69.0, 1.0, 0.0] [69.0, 1.0, 0.0] [71.0, 1.0, 0.0] [71.0, 1.0, 0.0] [71.0, 1.5, 0.0] [71.0, 1.5, 0.0] [71.0, 1.0, 0.0] [71.0, 1.5, 0.0] [69.0, 1.0, 0.0]
Score: 0.9999850988388062

Lyrics: I give you my life to see the same time that we can do it you know what you say you know you
Music: [71.0, 1.5, 1.0] [70.0, 1.5, 0.0] [70.0, 0.75, 0.0] [70.0, 1.0, 0.0] [70.0, 0.5, 0.0] [70.0, 0.5, 0.0] [70.0, 1.5, 0.0] [70.0, 0.5, 0.0] [70.0, 0.5, 0.0] [70.0, 0.5, 0.0] [70.0, 0.5, 0.0] [72.0, 1.0, 0.0] [72.0, 1.0, 0.0] [70.0, 1.0, 0.0] [72.0, 1.0, 0.0] [72.0, 1.0, 0.0] [72.0, 1.0, 0.0] [72.0, 1.0, 0.0] [72.0, 1.0, 0.0] [72.0, 1.0, 0.0] [72.0, 1.0, 0.0] [72.0, 1.0, 0.0] [72.0, 1.0, 0.0]
Score: 0.9999850988388062

Lyrics: I give you my life to see the same time to make it in your mind and you are a lit est day
Music: [70.0, 2.0, 8.0] [69.0, 1.0, 0.0] [69.0, 1.0, 0.0] [69.0, 1.0, 0.0] [69.0, 1.5, 0.0] [67.0, 1.0, 0.0] [67.0, 1.0, 0.0] [69.0, 1.0, 0.0] [71.0, 1.0, 0.0] [71.0, 1.0, 0.0] [69.0, 1.0, 0.0] [71.0, 1.0, 0.0] [69.0, 1.0, 0.0] [67.0, 1.0, 0.0] [69.0, 1.0, 0.0] [69.0, 1.0, 0.0] [67.0, 1.0, 0.0] [69.0, 1.0, 0.0] [67.0, 1.0, 0.0] [69.0, 1.0, 0.0] [69.0, 1.0, 0.0] [69.0, 1.0, 0.0] [69.0, 1.0, 0.0]
Score: 0.9999852180480957

Lyrics: I give you my life to see the same time to make it in your mind and you know what do do do
Music: [71.0, 2.0, 0.0] [71.0, 1.0, 0.0] [69.0, 1.0, 0.0] [69.0, 1.0, 0.0] [71.0, 1.0, 0.0] [73.0, 1.0, 0.0] [71.0, 1.0, 0.0] [69.0, 1.0, 0.0] [71.0, 1.0, 0.0] [71.0, 1.0, 0.0] [69.0, 2.0, 0.0] [71.0, 1.0, 0.0] [71.0, 1.0, 0.0] [73.0, 1.0, 0.0] [73.0, 1.0, 0.0] [73.0, 1.0, 0.0] [73.0, 1.0, 0.0] [73.0, 1.0, 0.0] [69.0, 1.0, 0.0] [69.0, 1.0, 0.0] [71.0, 1.0, 0.0] [71.0, 1.0, 0.0] [71.0, 1.0, 0.0]
Score: 0.9999853372573853

Lyrics: I give you my life to see the same time that we can do it you know what a lit er and a
Music: [58.0, 1.0, 0.0] [59.0, 1.0, 0.0] [59.0, 1.0, 0.0] [59.0, 1.0, 0.0] [59.0, 0.75, 0.0] [59.0, 1.5, 0.0] [59.0, 0.5, 0.0] [59.0, 1.5, 0.0] [59.0, 1.5, 0.0] [59.0, 1.5, 0.0] [59.0, 1.5, 0.0] [59.0, 0.5, 0.0] [59.0, 1.0, 0.0] [59.0, 1.0, 0.0] [59.0, 1.0, 0.0] [59.0, 0.75, 0.0] [59.0, 0.5, 0.0] [59.0, 0.5, 0.0] [59.0, 0.5, 0.0] [59.0, 0.5, 0.0] [59.0, 0.5, 0.0] [59.0, 1.0, 0.0] [59.0, 0.5, 0.0]
Score: 0.9999853372573853

Lyrics: I give you my life to see the same time to make it in your eyes and you are a dream of my
Music: [77.0, 4.0, 0.0] [74.0, 1.0, 0.0] [74.0, 1.0, 0.0] [74.0, 1.0, 0.0] [72.0, 1.0, 0.0] [74.0, 1.0, 0.0] [72.0, 1.0, 0.0] [74.0, 1.0, 0.0] [72.0, 1.0, 0.0] [76.0, 1.0, 0.0] [76.0, 1.0, 0.0] [76.0, 1.0, 0.0] [74.0, 1.0, 0.0] [76.0, 1.0, 0.0] [76.0, 1.0, 0.0] [76.0, 1.0, 0.0] [76.0, 1.0, 0.0] [76.0, 1.0, 0.0] [76.0, 1.0, 0.0] [76.0, 1.0, 0.0] [76.0, 1.0, 0.0] [76.0, 1.0, 0.0] [76.0, 1.0, 0.0]
Score: 0.9999853372573853

Lyrics: I give you my life to see the same time that we can do it you know what you say you know you
Music: [74.0, 1.0, 1.0] [72.0, 1.0, 0.0] [72.0, 1.0, 0.0] [72.0, 1.0, 0.0] [72.0, 1.0, 0.0] [72.0, 1.0, 0.0] [71.0, 1.0, 0.0] [69.0, 1.0, 0.0] [71.0, 1.0, 0.0] [71.0, 1.0, 0.0] [72.0, 1.0, 0.0] [72.0, 1.0, 0.0] [72.0, 1.0, 0.0] [72.0, 1.0, 0.0] [72.0, 1.5, 0.0] [72.0, 1.0, 0.0] [72.0, 1.0, 0.0] [72.0, 1.0, 0.0] [72.0, 1.0, 0.0] [72.0, 1.0, 0.0] [72.0, 1.0, 0.0] [72.0, 1.0, 0.0] [72.0, 1.0, 0.0]
Score: 0.9999852180480957

Lyrics: I give you my life to see the same time that we can do it you know what you say you know you
Music: [74.0, 2.0, 2.0] [72.0, 1.0, 0.0] [72.0, 1.5, 0.0] [72.0, 1.0, 0.0] [72.0, 1.0, 0.0] [72.0, 1.0, 0.0] [71.0, 1.0, 0.0] [69.0, 1.0, 0.0] [71.0, 1.0, 0.0] [71.0, 1.0, 0.0] [72.0, 1.0, 0.0] [72.0, 1.0, 0.0] [72.0, 1.0, 0.0] [72.0, 1.5, 0.0] [72.0, 1.0, 0.0] [72.0, 1.0, 0.0] [72.0, 1.0, 0.0] [72.0, 1.0, 0.0] [72.0, 1.0, 0.0] [72.0, 1.0, 0.0] [72.0, 1.0, 0.0] [72.0, 1.0, 0.0] [72.0, 1.0, 0.0]
Score: 0.9999852180480957

Lyrics: I give you my life to see the same time that we can do it you know what you say you know you
Music: [72.0, 1.0, 0.0] [72.0, 1.0, 0.0] [72.0, 1.5, 0.0] [72.0, 1.0, 0.0] [72.0, 1.0, 0.0] [72.0, 1.5, 0.0] [71.0, 1.0, 0.0] [69.0, 1.0, 0.0] [71.0, 1.0, 0.0] [71.0, 1.0, 0.0] [72.0, 1.0, 0.0] [72.0, 1.0, 0.0] [72.0, 1.0, 0.0] [72.0, 1.0, 0.0] [72.0, 1.0, 0.0] [72.0, 1.0, 0.0] [72.0, 1.0, 0.0] [72.0, 1.0, 0.0] [72.0, 1.0, 0.0] [72.0, 1.0, 0.0] [72.0, 1.0, 0.0] [72.0, 1.0, 0.0] [72.0, 1.0, 0.0]
Score: 0.9999852180480957

Lyrics: I give you my life to see the same time that we can make it a lit er and a lit er in
Music: [65.0, 4.0, 0.0] [62.0, 0.5, 0.0] [60.0, 1.0, 0.0] [60.0, 1.0, 0.0] [60.0, 1.0, 0.0] [60.0, 0.5, 0.0] [60.0, 0.5, 0.0] [60.0, 0.25, 0.0] [60.0, 1.0, 0.0] [60.0, 0.25, 0.0] [60.0, 1.0, 0.0] [60.0, 0.5, 0.0] [60.0, 1.0, 0.0] [60.0, 1.0, 0.0] [60.0, 1.0, 0.0] [60.0, 0.25, 0.0] [60.0, 1.0, 0.0] [60.0, 1.0, 0.0] [60.0, 1.0, 0.0] [60.0, 1.0, 0.0] [60.0, 1.0, 0.0] [60.0, 0.25, 0.0] [60.0, 0.25, 0.0]
Score: 0.9999852180480957

Lyrics: I give you my life to see the same time that we can do you say it is so good to me and
Music: [65.0, 1.0, 0.0] [64.0, 0.5, 0.0] [62.0, 1.0, 0.0] [60.0, 1.0, 0.0] [60.0, 1.0, 0.0] [60.0, 1.0, 0.0] [60.0, 0.5, 0.0] [62.0, 1.0, 0.0] [62.0, 1.0, 0.0] [62.0, 2.0, 0.0] [62.0, 2.0, 0.0] [62.0, 2.0, 0.0] [62.0, 1.0, 0.0] [62.0, 1.0, 0.0] [62.0, 1.0, 0.0] [62.0, 1.0, 0.0] [62.0, 1.0, 0.0] [62.0, 1.0, 0.0] [62.0, 1.0, 0.0] [62.0, 1.0, 0.0] [62.0, 1.0, 0.0] [62.0, 1.0, 0.0] [62.0, 1.0, 0.0]
Score: 0.9999852180480957

Lyrics: I give you my life to see the same time to make it in the night and a lit er and a man
Music: [60.0, 2.0, 0.0] [57.0, 1.0, 0.0] [57.0, 1.0, 0.0] [57.0, 1.0, 0.0] [57.0, 1.0, 0.0] [57.0, 1.0, 0.0] [57.0, 0.5, 0.0] [57.0, 0.5, 0.0] [55.0, 1.0, 0.0] [55.0, 1.0, 0.0] [55.0, 1.0, 0.0] [55.0, 1.0, 0.0] [55.0, 1.0, 0.0] [55.0, 0.75, 0.0] [55.0, 1.0, 0.0] [57.0, 1.0, 0.0] [57.0, 0.5, 0.0] [55.0, 1.0, 0.0] [55.0, 1.0, 0.0] [55.0, 0.75, 0.0] [55.0, 0.75, 0.0] [55.0, 0.75, 0.0] [55.0, 0.75, 0.0]
Score: 0.9999853372573853

Lyrics: I give you my life to see the same time I can do it in the night and the world that a man
Music: [74.0, 1.5, 2.0] [72.0, 1.0, 0.0] [72.0, 1.0, 0.0] [72.0, 1.0, 0.0] [72.0, 1.0, 0.0] [69.0, 1.0, 0.0] [67.0, 1.0, 0.0] [69.0, 1.0, 0.0] [72.0, 1.0, 0.0] [72.0, 1.0, 0.0] [72.0, 1.0, 0.0] [69.0, 1.0, 0.0] [72.0, 1.0, 0.0] [74.0, 1.0, 0.0] [72.0, 1.0, 0.0] [72.0, 1.0, 0.0] [74.0, 1.0, 0.0] [76.0, 1.0, 0.0] [74.0, 1.0, 0.0] [76.0, 1.0, 0.0] [76.0, 1.0, 0.0] [76.0, 1.0, 0.0] [74.0, 1.0, 0.0]
Score: 0.9999853372573853

Lyrics: I give you my life to see the same time to make it in the night and a lit er and a man
Music: [60.0, 2.0, 0.0] [57.0, 1.0, 0.0] [57.0, 1.0, 0.0] [57.0, 1.0, 0.0] [57.0, 1.0, 0.0] [57.0, 1.0, 0.0] [57.0, 0.5, 0.0] [57.0, 0.5, 0.0] [55.0, 1.0, 0.0] [55.0, 1.0, 0.0] [55.0, 1.0, 0.0] [55.0, 1.0, 0.0] [55.0, 1.0, 0.0] [55.0, 0.75, 0.0] [55.0, 1.0, 0.0] [57.0, 1.0, 0.0] [57.0, 0.5, 0.0] [55.0, 1.0, 0.0] [55.0, 1.0, 0.0] [55.0, 0.75, 0.0] [55.0, 0.75, 0.0] [55.0, 0.75, 0.0] [55.0, 0.75, 0.0]
Score: 0.9999853372573853

Lyrics: I give you my life to see the same time to make it in your mind and you are a lit est day
Music: [71.0, 2.0, 1.0] [71.0, 1.5, 0.0] [71.0, 1.0, 0.0] [71.0, 1.0, 0.0] [71.0, 1.5, 0.0] [71.0, 1.5, 0.0] [71.0, 1.0, 0.0] [69.0, 1.0, 0.0] [71.0, 1.0, 0.0] [71.0, 1.0, 0.0] [71.0, 2.5, 0.0] [71.0, 1.0, 0.0] [71.0, 1.0, 0.0] [71.0, 1.0, 0.0] [69.0, 1.0, 0.0] [69.0, 1.0, 0.0] [71.0, 1.0, 0.0] [71.0, 1.5, 0.0] [71.0, 1.5, 0.0] [69.0, 1.0, 0.0] [71.0, 1.0, 0.0] [71.0, 1.0, 0.0] [71.0, 1.0, 0.0]
Score: 0.9999852180480957

Lyrics: I give you my life to see the same time to make it in your eyes and you are a dream of my
Music: [77.0, 4.0, 0.0] [74.0, 1.0, 0.0] [74.0, 1.0, 0.0] [74.0, 1.0, 0.0] [72.0, 1.0, 0.0] [74.0, 1.0, 0.0] [72.0, 1.0, 0.0] [74.0, 1.0, 0.0] [72.0, 1.0, 0.0] [76.0, 1.0, 0.0] [76.0, 1.0, 0.0] [76.0, 1.0, 0.0] [74.0, 1.0, 0.0] [76.0, 1.0, 0.0] [76.0, 1.0, 0.0] [76.0, 1.0, 0.0] [76.0, 1.0, 0.0] [76.0, 1.0, 0.0] [76.0, 1.0, 0.0] [76.0, 1.0, 0.0] [76.0, 1.0, 0.0] [76.0, 1.0, 0.0] [76.0, 1.0, 0.0]
Score: 0.9999853372573853

Lyrics: I give you my life to see the same time that we can do it you know what you say you know you
Music: [70.0, 1.0, 1.0] [70.0, 1.5, 0.0] [70.0, 0.75, 0.0] [70.0, 1.0, 0.0] [70.0, 0.5, 0.0] [70.0, 0.5, 0.0] [70.0, 1.5, 0.0] [70.0, 0.5, 0.0] [70.0, 0.5, 0.0] [70.0, 0.5, 0.0] [70.0, 0.5, 0.0] [72.0, 1.0, 0.0] [72.0, 1.0, 0.0] [70.0, 1.0, 0.0] [72.0, 1.0, 0.0] [72.0, 1.0, 0.0] [72.0, 1.0, 0.0] [72.0, 1.0, 0.0] [72.0, 1.0, 0.0] [72.0, 1.0, 0.0] [72.0, 1.0, 0.0] [72.0, 1.0, 0.0] [72.0, 1.0, 0.0]
Score: 0.9999850988388062

Lyrics: I give you my life to see the same time that we can do it you know what you say you know you
Music: [71.0, 2.0, 2.0] [70.0, 1.5, 0.0] [70.0, 0.75, 0.0] [70.0, 1.0, 0.0] [70.0, 0.5, 0.0] [70.0, 0.5, 0.0] [70.0, 1.5, 0.0] [70.0, 0.5, 0.0] [72.0, 1.0, 0.0] [70.0, 0.5, 0.0] [70.0, 0.5, 0.0] [72.0, 1.0, 0.0] [72.0, 1.0, 0.0] [72.0, 1.0, 0.0] [70.0, 1.0, 0.0] [72.0, 1.0, 0.0] [72.0, 1.0, 0.0] [72.0, 1.0, 0.0] [72.0, 1.0, 0.0] [72.0, 1.0, 0.0] [72.0, 1.0, 0.0] [72.0, 1.0, 0.0] [72.0, 1.0, 0.0]
Score: 0.9999850988388062

Lyrics: I give you my life to see the same time that we can do it you know what you say you know you
Music: [70.0, 1.0, 0.0] [70.0, 1.5, 0.0] [70.0, 0.75, 0.0] [70.0, 1.0, 0.0] [70.0, 0.5, 0.0] [70.0, 0.5, 0.0] [70.0, 1.5, 0.0] [70.0, 0.5, 0.0] [72.0, 1.0, 0.0] [70.0, 0.5, 0.0] [70.0, 0.5, 0.0] [72.0, 1.0, 0.0] [72.0, 1.0, 0.0] [72.0, 1.0, 0.0] [70.0, 1.0, 0.0] [72.0, 1.0, 0.0] [72.0, 1.0, 0.0] [72.0, 1.0, 0.0] [72.0, 1.0, 0.0] [72.0, 1.0, 0.0] [72.0, 1.0, 0.0] [72.0, 1.0, 0.0] [72.0, 1.0, 0.0]
Score: 0.9999850988388062

Lyrics: I give you my life to see the same time to make it in your mind and you are a lit est day
Music: [67.0, 1.0, 4.0] [69.0, 1.0, 0.0] [69.0, 1.0, 0.0] [69.0, 1.0, 0.0] [67.0, 1.0, 0.0] [69.0, 2.0, 0.0] [71.0, 1.0, 0.0] [69.0, 1.0, 0.0] [71.0, 1.0, 0.0] [71.0, 1.0, 0.0] [69.0, 2.0, 0.0] [71.0, 1.0, 0.0] [69.0, 1.0, 0.0] [67.0, 1.0, 0.0] [69.0, 1.0, 0.0] [69.0, 1.0, 0.0] [69.0, 1.0, 0.0] [67.0, 1.0, 0.0] [69.0, 2.0, 0.0] [69.0, 1.0, 0.0] [69.0, 1.0, 0.0] [69.0, 1.0, 0.0] [69.0, 1.0, 0.0]
Score: 0.9999852180480957

Lyrics: I give you my life to see the same time I can do it in your eyes and me You say you know
Music: [75.0, 2.0, 0.0] [72.0, 1.0, 0.0] [72.0, 1.5, 0.0] [72.0, 1.0, 0.0] [72.0, 1.0, 0.0] [72.0, 1.0, 0.0] [72.0, 1.5, 0.0] [72.0, 1.0, 0.0] [72.0, 1.0, 0.0] [72.0, 1.0, 0.0] [72.0, 1.0, 0.0] [72.0, 1.0, 0.0] [72.0, 1.0, 0.0] [72.0, 1.0, 0.0] [72.0, 1.0, 0.0] [72.0, 1.0, 0.0] [72.0, 1.0, 0.0] [72.0, 1.0, 0.0] [72.0, 1.5, 0.0] [72.0, 1.0, 0.0] [72.0, 1.0, 1.0] [72.0, 1.0, 0.0] [72.0, 1.0, 0.0]
Score: 0.9999850988388062

Lyrics: I give you my life to see the same time to make it in your mind and you know what do do do
Music: [69.0, 0.25, 4.0] [69.0, 1.0, 0.0] [69.0, 1.0, 0.0] [69.0, 1.0, 0.0] [69.0, 1.5, 0.0] [69.0, 2.0, 0.0] [69.0, 1.0, 1.0] [69.0, 2.0, 0.0] [71.0, 1.0, 0.0] [71.0, 1.0, 0.0] [69.0, 1.0, 0.0] [71.0, 1.0, 0.0] [69.0, 1.0, 0.0] [71.0, 1.0, 0.0] [69.0, 1.0, 0.0] [69.0, 2.0, 0.0] [69.0, 1.0, 0.0] [69.0, 1.0, 0.0] [69.0, 1.0, 0.0] [71.0, 1.0, 0.0] [69.0, 2.0, 0.0] [71.0, 1.0, 0.0] [71.0, 1.0, 0.0]
Score: 0.9999853372573853

Lyrics: I give you my life to see the same time that we can do it you know what you say you know you
Music: [72.0, 2.5, 2.0] [72.0, 1.0, 0.0] [72.0, 1.5, 0.0] [72.0, 1.0, 0.0] [72.0, 1.0, 0.0] [72.0, 1.5, 0.0] [71.0, 1.0, 0.0] [69.0, 1.0, 0.0] [71.0, 1.0, 0.0] [71.0, 1.0, 0.0] [72.0, 1.0, 0.0] [72.0, 1.0, 0.0] [72.0, 1.0, 0.0] [72.0, 1.0, 0.0] [72.0, 1.0, 0.0] [72.0, 1.0, 0.0] [72.0, 1.0, 0.0] [72.0, 1.0, 0.0] [72.0, 1.0, 0.0] [72.0, 1.0, 0.0] [72.0, 1.0, 0.0] [72.0, 1.0, 0.0] [72.0, 1.0, 0.0]
Score: 0.9999852180480957

Lyrics: I give you my life to see the same time that we can make it a lit er and a lit er in
Music: [65.0, 4.0, 0.0] [62.0, 0.5, 0.0] [60.0, 1.0, 0.0] [60.0, 1.0, 0.0] [60.0, 1.0, 0.0] [60.0, 0.5, 0.0] [60.0, 0.5, 0.0] [60.0, 0.25, 0.0] [60.0, 1.0, 0.0] [60.0, 0.25, 0.0] [60.0, 1.0, 0.0] [60.0, 0.5, 0.0] [60.0, 1.0, 0.0] [60.0, 1.0, 0.0] [60.0, 1.0, 0.0] [60.0, 0.25, 0.0] [60.0, 1.0, 0.0] [60.0, 1.0, 0.0] [60.0, 1.0, 0.0] [60.0, 1.0, 0.0] [60.0, 1.0, 0.0] [60.0, 0.25, 0.0] [60.0, 0.25, 0.0]
Score: 0.9999852180480957

Lyrics: I give you my life to see the same time that we can do it you know what a lit er and a
Music: [70.0, 3.0, 0.0] [82.0, 1.0, 0.0] [82.0, 1.0, 0.0] [82.0, 1.0, 0.0] [82.0, 1.0, 0.0] [82.0, 1.0, 0.0] [80.0, 1.0, 0.0] [77.0, 1.0, 0.0] [75.0, 1.0, 0.0] [75.0, 1.0, 0.0] [77.0, 1.0, 0.0] [75.0, 1.0, 0.0] [77.0, 1.0, 0.0] [77.0, 1.0, 0.0] [77.0, 1.0, 0.0] [75.0, 1.0, 0.0] [75.0, 1.0, 0.0] [75.0, 1.0, 0.0] [75.0, 1.0, 0.0] [75.0, 1.0, 0.0] [77.0, 1.0, 0.0] [75.0, 1.0, 0.0] [77.0, 1.0, 0.0]
Score: 0.9999853372573853

Lyrics: I give you my life to see the same time that we can do it you know what you say you know you
Music: [71.0, 2.0, 2.0] [70.0, 1.5, 0.0] [70.0, 0.75, 0.0] [70.0, 1.0, 0.0] [70.0, 0.5, 0.0] [70.0, 0.5, 0.0] [70.0, 1.5, 0.0] [70.0, 0.5, 0.0] [72.0, 1.0, 0.0] [70.0, 0.5, 0.0] [70.0, 0.5, 0.0] [72.0, 1.0, 0.0] [72.0, 1.0, 0.0] [72.0, 1.0, 0.0] [70.0, 1.0, 0.0] [72.0, 1.0, 0.0] [72.0, 1.0, 0.0] [72.0, 1.0, 0.0] [72.0, 1.0, 0.0] [72.0, 1.0, 0.0] [72.0, 1.0, 0.0] [72.0, 1.0, 0.0] [72.0, 1.0, 0.0]
Score: 0.9999850988388062

Lyrics: I give you my life to see the same time to make it in your mind and you know what do do do
Music: [71.0, 3.0, 8.0] [69.0, 1.0, 0.0] [69.0, 1.0, 0.0] [69.0, 1.0, 0.0] [69.0, 1.5, 0.0] [69.0, 2.0, 0.0] [71.0, 1.0, 0.0] [69.0, 1.0, 0.0] [71.0, 1.0, 0.0] [71.0, 1.0, 0.0] [69.0, 1.0, 0.0] [71.0, 1.0, 0.0] [69.0, 1.0, 0.0] [71.0, 1.0, 0.0] [69.0, 1.0, 0.0] [69.0, 2.0, 0.0] [69.0, 1.0, 0.0] [69.0, 1.0, 0.0] [69.0, 1.0, 0.0] [69.0, 1.0, 0.0] [69.0, 2.0, 0.0] [71.0, 1.0, 0.0] [71.0, 1.0, 0.0]
Score: 0.9999853372573853

Lyrics: I give you my life to see the same time that we can do it be a good day to me and you
Music: [76.0, 1.0, 0.0] [74.0, 1.0, 0.0] [72.0, 1.0, 0.0] [72.0, 1.0, 0.0] [72.0, 1.0, 0.0] [72.0, 1.0, 0.0] [72.0, 1.0, 0.0] [74.0, 1.0, 0.0] [76.0, 1.0, 0.0] [76.0, 1.0, 0.0] [76.0, 1.0, 0.0] [76.0, 1.0, 0.0] [76.0, 1.0, 0.0] [74.0, 1.0, 0.0] [76.0, 1.0, 0.0] [76.0, 1.0, 0.0] [76.0, 1.0, 0.0] [76.0, 1.0, 0.0] [76.0, 1.0, 0.0] [76.0, 0.5, 0.0] [76.0, 1.0, 0.0] [76.0, 1.0, 0.0] [76.0, 1.0, 0.0]
Score: 0.9999852180480957

Lyrics: I give you my life to see the same time to make it in your mind and you know what do do do
Music: [69.0, 0.25, 4.0] [69.0, 1.0, 0.0] [69.0, 1.0, 0.0] [69.0, 1.0, 0.0] [69.0, 1.5, 0.0] [69.0, 2.0, 0.0] [69.0, 1.0, 1.0] [69.0, 2.0, 0.0] [71.0, 1.0, 0.0] [71.0, 1.0, 0.0] [69.0, 1.0, 0.0] [71.0, 1.0, 0.0] [69.0, 1.0, 0.0] [71.0, 1.0, 0.0] [69.0, 1.0, 0.0] [69.0, 2.0, 0.0] [69.0, 1.0, 0.0] [69.0, 1.0, 0.0] [69.0, 1.0, 0.0] [71.0, 1.0, 0.0] [69.0, 2.0, 0.0] [71.0, 1.0, 0.0] [71.0, 1.0, 0.0]
Score: 0.9999853372573853

Lyrics: I give you my life to see the same time that we can do it you know what you say you know you
Music: [70.0, 1.0, 1.0] [70.0, 1.5, 0.0] [70.0, 0.75, 0.0] [70.0, 1.0, 0.0] [70.0, 0.5, 0.0] [70.0, 0.5, 0.0] [70.0, 1.5, 0.0] [70.0, 0.5, 0.0] [70.0, 0.5, 0.0] [70.0, 0.5, 0.0] [70.0, 0.5, 0.0] [72.0, 1.0, 0.0] [72.0, 1.0, 0.0] [70.0, 1.0, 0.0] [72.0, 1.0, 0.0] [72.0, 1.0, 0.0] [72.0, 1.0, 0.0] [72.0, 1.0, 0.0] [72.0, 1.0, 0.0] [72.0, 1.0, 0.0] [72.0, 1.0, 0.0] [72.0, 1.0, 0.0] [72.0, 1.0, 0.0]
Score: 0.9999850988388062

Lyrics: I give you my life to see the same time I can do it in the world that a lit er and a
Music: [74.0, 1.0, 0.0] [72.0, 1.0, 0.0] [72.0, 1.0, 0.0] [72.0, 1.0, 0.0] [72.0, 1.0, 0.0] [69.0, 1.0, 0.0] [67.0, 1.0, 0.0] [69.0, 1.0, 0.0] [72.0, 1.0, 0.0] [72.0, 1.0, 0.0] [72.0, 1.0, 0.0] [69.0, 1.0, 0.0] [72.0, 1.0, 0.0] [74.0, 1.0, 0.0] [72.0, 1.0, 0.0] [74.0, 1.0, 0.0] [76.0, 1.0, 0.0] [76.0, 1.0, 0.0] [76.0, 1.0, 0.0] [76.0, 1.0, 0.0] [76.0, 1.0, 0.0] [76.0, 1.0, 0.0] [76.0, 1.0, 0.0]
Score: 0.9999853372573853

Lyrics: I give you my life to see the same time that we can do it you know what a lit est day and
Music: [60.0, 1.0, 1.0] [60.0, 1.0, 0.0] [60.0, 1.0, 0.0] [60.0, 1.0, 0.0] [60.0, 0.5, 0.0] [60.0, 0.5, 0.0] [62.0, 1.0, 0.0] [62.0, 2.0, 0.0] [60.0, 2.0, 0.0] [60.0, 2.0, 0.0] [60.0, 2.0, 0.0] [62.0, 1.0, 0.0] [62.0, 2.0, 0.0] [62.0, 1.0, 0.0] [60.0, 1.0, 0.0] [62.0, 2.0, 0.0] [62.0, 1.0, 0.0] [62.0, 1.0, 0.0] [62.0, 1.0, 0.0] [62.0, 1.0, 0.0] [62.0, 1.0, 0.0] [62.0, 1.0, 0.0] [62.0, 1.0, 0.0]
Score: 0.9999852180480957

Lyrics: I give you my life to see the same time that we can do it you know what you say you know you
Music: [72.0, 2.5, 2.0] [72.0, 1.0, 0.0] [72.0, 1.5, 0.0] [72.0, 1.0, 0.0] [72.0, 1.0, 0.0] [72.0, 1.5, 0.0] [71.0, 1.0, 0.0] [69.0, 1.0, 0.0] [71.0, 1.0, 0.0] [71.0, 1.0, 0.0] [72.0, 1.0, 0.0] [72.0, 1.0, 0.0] [72.0, 1.0, 0.0] [72.0, 1.0, 0.0] [72.0, 1.0, 0.0] [72.0, 1.0, 0.0] [72.0, 1.0, 0.0] [72.0, 1.0, 0.0] [72.0, 1.0, 0.0] [72.0, 1.0, 0.0] [72.0, 1.0, 0.0] [72.0, 1.0, 0.0] [72.0, 1.0, 0.0]
Score: 0.9999852180480957

Lyrics: I give you my life to see the same time that we can do it you know what you say you know you
Music: [74.0, 2.0, 1.0] [72.0, 1.0, 0.0] [72.0, 1.0, 0.0] [72.0, 1.0, 0.0] [72.0, 1.0, 0.0] [72.0, 1.0, 0.0] [71.0, 1.0, 0.0] [69.0, 1.0, 0.0] [71.0, 1.0, 0.0] [71.0, 1.0, 0.0] [72.0, 1.0, 0.0] [72.0, 1.0, 0.0] [72.0, 1.0, 0.0] [72.0, 1.0, 0.0] [72.0, 1.5, 0.0] [72.0, 1.0, 0.0] [72.0, 1.0, 0.0] [72.0, 1.0, 0.0] [72.0, 1.0, 0.0] [72.0, 1.0, 0.0] [72.0, 1.0, 0.0] [72.0, 1.0, 0.0] [72.0, 1.0, 0.0]
Score: 0.9999852180480957

Lyrics: I give you my life to see the same time that we can do it you can do you say you know what
Music: [71.0, 2.5, 0.0] [71.0, 1.5, 0.0] [71.0, 1.0, 0.0] [71.0, 1.0, 0.0] [71.0, 1.5, 0.0] [71.0, 1.5, 0.0] [71.0, 1.0, 0.0] [69.0, 1.0, 0.0] [71.0, 1.0, 0.0] [71.0, 1.0, 0.0] [69.0, 1.0, 0.0] [69.0, 2.0, 0.0] [69.0, 1.0, 0.0] [69.0, 1.0, 0.0] [69.0, 1.0, 0.0] [69.0, 1.0, 0.0] [71.0, 1.0, 0.0] [71.0, 1.0, 0.0] [71.0, 1.5, 0.0] [71.0, 1.5, 0.0] [71.0, 1.0, 0.0] [71.0, 1.5, 0.0] [69.0, 1.0, 0.0]
Score: 0.9999850988388062

Lyrics: I give you my life to see the same time I can do it in the night and the world that a man
Music: [74.0, 1.5, 2.0] [72.0, 1.0, 0.0] [72.0, 1.0, 0.0] [72.0, 1.0, 0.0] [72.0, 1.0, 0.0] [69.0, 1.0, 0.0] [67.0, 1.0, 0.0] [69.0, 1.0, 0.0] [72.0, 1.0, 0.0] [72.0, 1.0, 0.0] [72.0, 1.0, 0.0] [69.0, 1.0, 0.0] [72.0, 1.0, 0.0] [74.0, 1.0, 0.0] [72.0, 1.0, 0.0] [72.0, 1.0, 0.0] [74.0, 1.0, 0.0] [76.0, 1.0, 0.0] [74.0, 1.0, 0.0] [76.0, 1.0, 0.0] [76.0, 1.0, 0.0] [76.0, 1.0, 0.0] [74.0, 1.0, 0.0]
Score: 0.9999853372573853

Lyrics: I give you my life to see the same time that we can do it you know what you say you know you
Music: [72.0, 3.0, 0.0] [72.0, 1.0, 0.0] [72.0, 1.5, 0.0] [72.0, 1.0, 0.0] [72.0, 1.0, 0.0] [72.0, 1.5, 0.0] [71.0, 1.0, 0.0] [69.0, 1.0, 0.0] [71.0, 1.0, 0.0] [71.0, 1.0, 0.0] [72.0, 1.0, 0.0] [72.0, 1.0, 0.0] [72.0, 1.0, 0.0] [72.0, 1.0, 0.0] [72.0, 1.0, 0.0] [72.0, 1.0, 0.0] [72.0, 1.0, 0.0] [72.0, 1.0, 0.0] [72.0, 1.0, 0.0] [72.0, 1.0, 0.0] [72.0, 1.0, 0.0] [72.0, 1.0, 0.0] [72.0, 1.0, 0.0]
Score: 0.9999852180480957

Lyrics: I give you my life to see the same time to make it in the world that a lit er and a man
Music: [65.0, 1.5, 0.0] [64.0, 0.5, 0.0] [62.0, 1.0, 0.0] [64.0, 1.0, 0.0] [64.0, 0.5, 0.0] [64.0, 0.5, 0.0] [64.0, 0.5, 0.0] [64.0, 1.0, 0.0] [64.0, 1.0, 0.0] [64.0, 1.0, 0.0] [64.0, 0.5, 0.0] [64.0, 0.75, 0.0] [64.0, 1.0, 0.0] [64.0, 1.0, 0.0] [64.0, 0.5, 0.0] [64.0, 0.25, 0.0] [64.0, 0.75, 0.0] [64.0, 0.75, 0.0] [64.0, 0.75, 0.0] [64.0, 0.5, 0.0] [64.0, 0.5, 0.0] [64.0, 0.75, 0.0] [64.0, 0.75, 0.0]
Score: 0.9999853372573853

Lyrics: I give you my life to see the same time to make it in your mind and you are a lit est day
Music: [67.0, 1.0, 4.0] [69.0, 1.0, 0.0] [69.0, 1.0, 0.0] [69.0, 1.0, 0.0] [67.0, 1.0, 0.0] [69.0, 2.0, 0.0] [71.0, 1.0, 0.0] [69.0, 1.0, 0.0] [71.0, 1.0, 0.0] [71.0, 1.0, 0.0] [69.0, 2.0, 0.0] [71.0, 1.0, 0.0] [69.0, 1.0, 0.0] [67.0, 1.0, 0.0] [69.0, 1.0, 0.0] [69.0, 1.0, 0.0] [69.0, 1.0, 0.0] [67.0, 1.0, 0.0] [69.0, 2.0, 0.0] [69.0, 1.0, 0.0] [69.0, 1.0, 0.0] [69.0, 1.0, 0.0] [69.0, 1.0, 0.0]
Score: 0.9999852180480957

Lyrics: I give you my life to see the same time that we can do it you know what you say you know I
Music: [63.0, 3.0, 0.0] [61.0, 1.0, 0.0] [59.0, 1.0, 0.0] [59.0, 1.0, 0.0] [61.0, 1.0, 0.0] [59.0, 1.0, 0.0] [61.0, 1.0, 0.0] [61.0, 1.0, 0.0] [61.0, 1.0, 0.0] [61.0, 1.0, 0.0] [61.0, 1.0, 0.0] [59.0, 1.0, 0.0] [59.0, 1.0, 0.0] [59.0, 1.0, 0.0] [59.0, 1.0, 0.0] [59.0, 1.0, 0.0] [61.0, 1.0, 0.0] [61.0, 1.0, 0.0] [61.0, 1.0, 0.0] [59.0, 1.0, 0.0] [59.0, 1.0, 0.0] [61.0, 1.0, 0.0] [59.0, 1.0, 0.0]
Score: 0.9999850988388062

Lyrics: I give you my life to see the same time that we can do it you know what you say you know you
Music: [74.0, 3.0, 0.0] [72.0, 1.0, 0.0] [72.0, 1.0, 0.0] [72.0, 1.0, 0.0] [72.0, 1.0, 0.0] [72.0, 1.0, 0.0] [71.0, 1.0, 0.0] [69.0, 1.0, 0.0] [71.0, 1.0, 0.0] [71.0, 1.0, 0.0] [72.0, 1.0, 0.0] [72.0, 1.0, 0.0] [72.0, 1.0, 0.0] [72.0, 1.0, 0.0] [72.0, 1.5, 0.0] [72.0, 1.0, 0.0] [72.0, 1.0, 0.0] [72.0, 1.0, 0.0] [72.0, 1.0, 0.0] [72.0, 1.0, 0.0] [72.0, 1.0, 0.0] [72.0, 1.0, 0.0] [72.0, 1.0, 0.0]
Score: 0.9999852180480957

Lyrics: I give you my life to see the same time to make it in the night and a lit er and a man
Music: [60.0, 4.0, 0.0] [57.0, 1.0, 0.0] [57.0, 1.0, 0.0] [57.0, 1.0, 0.0] [57.0, 1.0, 0.0] [57.0, 1.0, 0.0] [57.0, 0.5, 0.0] [57.0, 0.5, 0.0] [55.0, 1.0, 0.0] [55.0, 1.0, 0.0] [55.0, 1.0, 0.0] [55.0, 1.0, 0.0] [55.0, 1.0, 0.0] [55.0, 0.75, 0.0] [55.0, 1.0, 0.0] [57.0, 1.0, 0.0] [57.0, 0.5, 0.0] [55.0, 1.0, 0.0] [55.0, 1.0, 0.0] [55.0, 0.75, 0.0] [55.0, 0.75, 0.0] [55.0, 0.75, 0.0] [55.0, 0.75, 0.0]
Score: 0.9999853372573853

Lyrics: I give you my life to see the same time that we can do it you know what you say you know you
Music: [72.0, 4.0, 0.0] [72.0, 1.0, 0.0] [72.0, 1.0, 0.0] [72.0, 1.0, 0.0] [72.0, 1.5, 0.0] [72.0, 1.5, 0.0] [71.0, 1.0, 0.0] [69.0, 1.0, 0.0] [71.0, 1.0, 0.0] [71.0, 1.0, 0.0] [72.0, 1.0, 0.0] [72.0, 1.0, 0.0] [72.0, 1.0, 0.0] [72.0, 1.0, 0.0] [72.0, 1.0, 0.0] [72.0, 1.0, 0.0] [72.0, 1.0, 0.0] [72.0, 1.0, 0.0] [72.0, 1.0, 0.0] [72.0, 1.0, 0.0] [72.0, 1.0, 0.0] [72.0, 1.0, 0.0] [72.0, 1.0, 0.0]
Score: 0.9999852180480957

Lyrics: I give you my life to see the same time to make it in your mind and you are a lit est day
Music: [69.0, 1.0, 0.0] [69.0, 1.0, 0.0] [69.0, 1.0, 0.0] [69.0, 1.0, 0.0] [69.0, 1.5, 0.0] [67.0, 1.0, 0.0] [67.0, 1.0, 0.0] [69.0, 1.0, 0.0] [71.0, 1.0, 0.0] [71.0, 1.0, 0.0] [69.0, 1.0, 0.0] [71.0, 1.0, 0.0] [69.0, 1.0, 0.0] [67.0, 1.0, 0.0] [67.0, 1.0, 0.0] [69.0, 2.0, 0.0] [67.0, 1.0, 0.0] [69.0, 1.0, 0.0] [67.0, 1.0, 0.0] [64.0, 1.0, 0.0] [67.0, 1.0, 0.0] [69.0, 1.0, 0.0] [69.0, 1.0, 0.0]
Score: 0.9999852180480957

